pq_counter: 0
index_array of x_f_array_copy : 589,
x_f_array_copy: 0,0,0,0,0,0,0,0,0,0,0,0,0,0,0,0,0,0,0,0,0,0,0,0,0,0,0,0,0,0,0,0,0,0,0,0,0,0,0,0,0,0,0,0,0,0,0,0,0,0,0,0,0,0,0,0,0,0,0,0,0,0,0,0,0,0,0,0,0,0,0,0,0,0,0,0,0,0,0,0,0,0,0,0,0,0,0,0,0,0,0,0,0,0,0,0,0,0,0,0,0,0,0,0,0,0,0,0,0,0,0,0,0,0,0,0,0,0,0,0,0,0,0,0,0,0,0,0,0,0,0,0,0,0,0,0,0,0,0,0,0,0,0,0,0,0,0,0,0,0,0,0,0,0,0,0,0,0,0,0,0,0,0,0,0,0,0,0,0,0,0,0,0,0,0,0,0,0,0,0,0,0,0,0,0,0,0,0,0,0,0,0,0,0,0,0,0,0,0,0,0,0,0,0,0,0,0,0,0,0,0,0,0,0,0,0,0,0,0,0,0,0,0,0,0,0,0,0,0,0,0,0,0,0,0,0,0,0,0,0,0,0,0,0,0,0,0,0,0,0,0,0,0,0,0,0,0,0,0,0,0,0,0,0,0,0,0,0,0,0,0,0,0,0,0,0,0,0,0,0,0,0,0,0,0,0,0,0,0,0,0,0,0,0,0,0,0,0,0,0,0,0,0,0,0,0,0,0,0,0,0,0,0,0,0,0,0,0,0,0,0,0,0,0,0,0,0,0,0,0,0,0,0,0,0,0,0,0,0,0,0,0,0,0,0,0,0,0,0,0,0,0,0,0,0,0,0,0,0,0,0,0,0,0,0,0,0,0,0,0,0,0,0,0,0,0,0,0,0,0,0,0,0,0,0,0,0,0,0,0,0,0,0,0,0,0,0,0,0,0,0,0,0,0,0,0,0,0,0,0,0,0,0,0,0,0,0,0,0,0,0,0,0,0,0,0,0,0,0,0,0,0,0,0,0,0,0,0,0,0,0,0,0,0,0,0,0,0,0,0,0,0,0,0,0,0,0,0,0,0,0,0,0,0,0,0,0,0,0,0,0,0,0,0,0,0,0,0,0,0,0,0,0,0,0,0,0,0,0,0,0,0,0,0,0,0,0,0,0,0,0,0,0,0,0,0,0,0,0,0,0,0,0,0,0,0,0,0,0,0,0,0,0,0,0,0,0,0,0,0,0,0,0,0,0,0,0,0,0,0,0,0,0,0,0,0,0,0,0,0,0,0,0,0,0,0,0,0,0,0,0,0,0,0,0,0,0,0,0,0,0,0,0,0,0,0,0,0,0,0,0,0,0,0,0,0,0,0,0,1,0,0,0,0,0,0,0,0,0,0,0,0,0,0,0,0,0,0,0,0,0,0,0,0,0,0,0,0,0,0,0,0,0,0,0,0,0,0,0,0,0,0,0,0,0,0,0,0,0,0,0,0,0,0,0,0,0,0,0,0,0,0,0,
index_array of x_g_array_copy : 341,547,645,
x_g_array_copy: 0,0,0,0,0,0,0,0,0,0,0,0,0,0,0,0,0,0,0,0,0,0,0,0,0,0,0,0,0,0,0,0,0,0,0,0,0,0,0,0,0,0,0,0,0,0,0,0,0,0,0,0,0,0,0,0,0,0,0,0,0,0,0,0,0,0,0,0,0,0,0,0,0,0,0,0,0,0,0,0,0,0,0,0,0,0,0,0,0,0,0,0,0,0,0,0,0,0,0,0,0,0,0,0,0,0,0,0,0,0,0,0,0,0,0,0,0,0,0,0,0,0,0,0,0,0,0,0,0,0,0,0,0,0,0,0,0,0,0,0,0,0,0,0,0,0,0,0,0,0,0,0,0,0,0,0,0,0,0,0,0,0,0,0,0,0,0,0,0,0,0,0,0,0,0,0,0,0,0,0,0,0,0,0,0,0,0,0,0,0,0,0,0,0,0,0,0,0,0,0,0,0,0,0,0,0,0,0,0,0,0,0,0,0,0,0,0,0,0,0,0,0,0,0,0,0,0,0,0,0,0,0,0,0,0,0,0,0,0,0,0,0,0,0,0,0,0,0,0,0,0,0,0,0,0,0,0,0,0,0,0,0,0,0,0,0,0,0,0,0,0,0,0,0,0,0,0,0,0,0,0,0,0,0,0,0,0,0,0,0,0,0,0,0,0,0,0,0,0,0,0,0,0,0,0,0,0,0,0,0,0,0,0,0,0,0,0,0,0,0,0,0,0,0,0,0,0,0,0,0,0,0,0,0,0,0,0,0,0,0,0,1,0,0,0,0,0,0,0,0,0,0,0,0,0,0,0,0,0,0,0,0,0,0,0,0,0,0,0,0,0,0,0,0,0,0,0,0,0,0,0,0,0,0,0,0,0,0,0,0,0,0,0,0,0,0,0,0,0,0,0,0,0,0,0,0,0,0,0,0,0,0,0,0,0,0,0,0,0,0,0,0,0,0,0,0,0,0,0,0,0,0,0,0,0,0,0,0,0,0,0,0,0,0,0,0,0,0,0,0,0,0,0,0,0,0,0,0,0,0,0,0,0,0,0,0,0,0,0,0,0,0,0,0,0,0,0,0,0,0,0,0,0,0,0,0,0,0,0,0,0,0,0,0,0,0,0,0,0,0,0,0,0,0,0,0,0,0,0,0,0,0,0,0,0,0,0,0,0,0,0,0,0,0,0,0,0,0,0,0,0,0,0,0,0,0,0,0,0,0,0,0,0,0,0,0,0,1,0,0,0,0,0,0,0,0,0,0,0,0,0,0,0,0,0,0,0,0,0,0,0,0,0,0,0,0,0,0,0,0,0,0,0,0,0,0,0,0,0,0,0,0,0,0,0,0,0,0,0,0,0,0,0,0,0,0,0,0,0,0,0,0,0,0,0,0,0,0,0,0,0,0,0,0,0,0,0,0,0,0,0,0,0,0,0,0,0,0,0,0,0,0,0,0,0,1,0,0,0,0,0,0,0,
global_g: 1,-1,-1,1,1,1,-1,1,1,0,-1,-1,1,-1,1,1,1,-1,1,-1,0,1,0,-1,-1,1,0,0,0,1,-1,1,0,-1,0,1,1,0,0,1,0,0,1,1,1,1,1,1,1,1,1,1,1,0,1,0,-1,-1,-1,0,0,0,0,1,-1,0,0,-1,1,0,0,0,1,1,-1,1,1,-1,1,0,-1,-1,-1,-1,0,0,1,1,0,1,-1,0,-1,1,0,1,-1,0,-1,1,1,0,-1,0,-1,1,1,0,1,1,-1,-1,1,-1,-1,1,1,-1,0,-1,-1,-1,1,0,0,0,1,-1,1,0,0,0,1,1,1,-1,-1,0,0,1,-1,1,0,1,0,-1,0,-1,0,-1,-1,-1,0,1,1,-1,0,-1,0,0,1,1,0,-1,0,0,1,0,0,0,-1,0,1,1,-1,-1,0,1,1,-1,-1,-1,0,1,-1,0,1,0,1,-1,0,1,1,1,0,0,0,0,-1,1,1,1,0,0,-1,0,0,0,-1,0,-1,1,1,-1,0,1,0,1,-1,1,-1,-1,1,-1,1,0,0,-1,0,-1,0,1,0,1,0,0,1,1,1,0,-1,-1,0,1,1,-1,0,0,-1,1,-1,1,0,0,0,-1,-1,1,1,0,1,-1,0,0,-1,0,1,1,1,0,1,-1,1,1,-1,0,-1,1,1,1,0,1,1,1,1,-1,0,-1,0,-1,1,1,-1,0,-1,-1,1,-1,-1,1,-1,-1,-1,0,1,0,1,0,0,-1,-1,1,-1,0,0,-1,1,1,0,0,-1,1,1,-1,-1,1,1,0,0,0,-1,0,0,-1,-1,-1,-1,1,1,1,1,0,0,1,0,0,-1,0,0,1,1,0,1,1,0,-1,1,-1,0,0,-1,-1,0,-1,1,0,1,1,0,0,-1,1,-1,-1,1,0,1,1,1,-1,-1,-1,1,0,-1,0,1,-1,-1,1,1,0,0,0,-1,1,0,-1,1,-1,-1,-1,0,-1,1,0,1,-1,0,1,-1,1,1,0,1,1,1,-1,1,1,-1,0,0,0,1,0,-1,0,-1,1,-1,0,-1,0,-1,-1,-1,1,0,1,1,0,1,-1,1,0,0,1,0,0,0,-1,1,-1,1,1,1,0,-1,0,0,1,0,-1,-1,0,-1,1,0,0,0,0,0,1,0,-1,1,0,-1,-1,1,-1,1,0,-1,-1,-1,-1,1,0,-1,-1,0,-1,0,-1,1,1,0,1,-1,-1,-1,1,-1,0,-1,-1,-1,1,-1,-1,0,1,1,1,0,1,1,-1,0,0,-1,1,1,-1,0,1,-1,1,0,-1,-1,-1,0,-1,-1,0,0,-1,-1,1,-1,0,0,-1,1,1,-1,0,1,1,-1,1,0,0,1,0,-1,0,1,-1,-1,1,1,1,0,-1,-1,-1,0,-1,1,0,0,-1,1,1,1,1,0,0,-1,0,0,-1,0,0,-1,1,1,-1,-1,0,-1,-1,1,0,-1,-1,-1,1,1,0,-1,1,0,1,1,1,1,0,1,0,-1,1,0,-1,-1,1,-1,1,-1,0,1,-1,-1,-1,0,1,1,1,1,-1,0,0,1,-1,-1,0,1,1,1,0,1,0,0,1,-1,0,0,1,0,
pq_counter: 0
index_array of x_f_array_copy : 640,
x_f_array_copy: 0,0,0,0,0,0,0,0,0,0,0,0,0,0,0,0,0,0,0,0,0,0,0,0,0,0,0,0,0,0,0,0,0,0,0,0,0,0,0,0,0,0,0,0,0,0,0,0,0,0,0,0,0,0,0,0,0,0,0,0,0,0,0,0,0,0,0,0,0,0,0,0,0,0,0,0,0,0,0,0,0,0,0,0,0,0,0,0,0,0,0,0,0,0,0,0,0,0,0,0,0,0,0,0,0,0,0,0,0,0,0,0,0,0,0,0,0,0,0,0,0,0,0,0,0,0,0,0,0,0,0,0,0,0,0,0,0,0,0,0,0,0,0,0,0,0,0,0,0,0,0,0,0,0,0,0,0,0,0,0,0,0,0,0,0,0,0,0,0,0,0,0,0,0,0,0,0,0,0,0,0,0,0,0,0,0,0,0,0,0,0,0,0,0,0,0,0,0,0,0,0,0,0,0,0,0,0,0,0,0,0,0,0,0,0,0,0,0,0,0,0,0,0,0,0,0,0,0,0,0,0,0,0,0,0,0,0,0,0,0,0,0,0,0,0,0,0,0,0,0,0,0,0,0,0,0,0,0,0,0,0,0,0,0,0,0,0,0,0,0,0,0,0,0,0,0,0,0,0,0,0,0,0,0,0,0,0,0,0,0,0,0,0,0,0,0,0,0,0,0,0,0,0,0,0,0,0,0,0,0,0,0,0,0,0,0,0,0,0,0,0,0,0,0,0,0,0,0,0,0,0,0,0,0,0,0,0,0,0,0,0,0,0,0,0,0,0,0,0,0,0,0,0,0,0,0,0,0,0,0,0,0,0,0,0,0,0,0,0,0,0,0,0,0,0,0,0,0,0,0,0,0,0,0,0,0,0,0,0,0,0,0,0,0,0,0,0,0,0,0,0,0,0,0,0,0,0,0,0,0,0,0,0,0,0,0,0,0,0,0,0,0,0,0,0,0,0,0,0,0,0,0,0,0,0,0,0,0,0,0,0,0,0,0,0,0,0,0,0,0,0,0,0,0,0,0,0,0,0,0,0,0,0,0,0,0,0,0,0,0,0,0,0,0,0,0,0,0,0,0,0,0,0,0,0,0,0,0,0,0,0,0,0,0,0,0,0,0,0,0,0,0,0,0,0,0,0,0,0,0,0,0,0,0,0,0,0,0,0,0,0,0,0,0,0,0,0,0,0,0,0,0,0,0,0,0,0,0,0,0,0,0,0,0,0,0,0,0,0,0,0,0,0,0,0,0,0,0,0,0,0,0,0,0,0,0,0,0,0,0,0,0,0,0,0,0,0,0,0,0,0,0,0,0,0,0,0,0,0,0,0,0,0,0,0,0,0,0,0,0,0,0,0,0,0,0,0,0,0,0,0,0,0,0,0,0,0,0,0,0,0,0,0,0,0,0,0,0,0,0,0,0,0,0,0,0,0,0,0,0,1,0,0,0,0,0,0,0,0,0,0,0,0,
index_array of x_g_array_copy : 392,388,338,
x_g_array_copy: 0,0,0,0,0,0,0,0,0,0,0,0,0,0,0,0,0,0,0,0,0,0,0,0,0,0,0,0,0,0,0,0,0,0,0,0,0,0,0,0,0,0,0,0,0,0,0,0,0,0,0,0,0,0,0,0,0,0,0,0,0,0,0,0,0,0,0,0,0,0,0,0,0,0,0,0,0,0,0,0,0,0,0,0,0,0,0,0,0,0,0,0,0,0,0,0,0,0,0,0,0,0,0,0,0,0,0,0,0,0,0,0,0,0,0,0,0,0,0,0,0,0,0,0,0,0,0,0,0,0,0,0,0,0,0,0,0,0,0,0,0,0,0,0,0,0,0,0,0,0,0,0,0,0,0,0,0,0,0,0,0,0,0,0,0,0,0,0,0,0,0,0,0,0,0,0,0,0,0,0,0,0,0,0,0,0,0,0,0,0,0,0,0,0,0,0,0,0,0,0,0,0,0,0,0,0,0,0,0,0,0,0,0,0,0,0,0,0,0,0,0,0,0,0,0,0,0,0,0,0,0,0,0,0,0,0,0,0,0,0,0,0,0,0,0,0,0,0,0,0,0,0,0,0,0,0,0,0,0,0,0,0,0,0,0,0,0,0,0,0,0,0,0,0,0,0,0,0,0,0,0,0,0,0,0,0,0,0,0,0,0,0,0,0,0,0,0,0,0,0,0,0,0,0,0,0,0,0,0,0,0,0,0,0,0,0,0,0,0,0,0,0,0,0,0,0,0,0,0,0,0,0,0,0,0,0,0,0,1,0,0,0,0,0,0,0,0,0,0,0,0,0,0,0,0,0,0,0,0,0,0,0,0,0,0,0,0,0,0,0,0,0,0,0,0,0,0,0,0,0,0,0,0,0,0,0,0,0,1,0,0,0,1,0,0,0,0,0,0,0,0,0,0,0,0,0,0,0,0,0,0,0,0,0,0,0,0,0,0,0,0,0,0,0,0,0,0,0,0,0,0,0,0,0,0,0,0,0,0,0,0,0,0,0,0,0,0,0,0,0,0,0,0,0,0,0,0,0,0,0,0,0,0,0,0,0,0,0,0,0,0,0,0,0,0,0,0,0,0,0,0,0,0,0,0,0,0,0,0,0,0,0,0,0,0,0,0,0,0,0,0,0,0,0,0,0,0,0,0,0,0,0,0,0,0,0,0,0,0,0,0,0,0,0,0,0,0,0,0,0,0,0,0,0,0,0,0,0,0,0,0,0,0,0,0,0,0,0,0,0,0,0,0,0,0,0,0,0,0,0,0,0,0,0,0,0,0,0,0,0,0,0,0,0,0,0,0,0,0,0,0,0,0,0,0,0,0,0,0,0,0,0,0,0,0,0,0,0,0,0,0,0,0,0,0,0,0,0,0,0,0,0,0,0,0,0,0,0,0,0,0,0,0,0,0,0,0,0,0,0,0,0,0,0,0,0,0,0,0,0,0,0,0,0,0,0,0,0,0,0,0,0,0,
global_g: 1,-1,-1,1,1,1,-1,1,1,0,-1,-1,1,-1,1,1,1,-1,1,-1,0,1,0,-1,-1,1,0,0,0,1,-1,1,0,-1,0,1,1,0,0,1,0,0,1,1,1,1,1,1,1,1,1,1,1,0,1,0,-1,-1,-1,0,0,0,0,1,-1,0,0,-1,1,0,0,0,1,1,-1,1,1,-1,1,0,-1,-1,-1,-1,0,0,1,1,0,1,-1,0,-1,1,0,1,-1,0,-1,1,1,0,-1,0,-1,1,1,0,1,1,-1,-1,1,-1,-1,1,1,-1,0,-1,-1,-1,1,0,0,0,1,-1,1,0,0,0,1,1,1,-1,-1,0,0,1,-1,1,0,1,0,-1,0,-1,0,-1,-1,-1,0,1,1,-1,0,-1,0,0,1,1,0,-1,0,0,1,0,0,0,-1,0,1,1,-1,-1,0,1,1,-1,-1,-1,0,1,-1,0,1,0,1,-1,0,1,1,1,0,0,0,0,-1,1,1,1,0,0,-1,0,0,0,-1,0,-1,1,1,-1,0,1,0,1,-1,1,-1,-1,1,-1,1,0,0,-1,0,-1,0,1,0,1,0,0,1,1,1,0,-1,-1,0,1,1,-1,0,0,-1,1,-1,1,0,0,0,-1,-1,1,1,0,1,-1,0,0,-1,0,1,1,1,0,1,-1,1,1,-1,0,-1,1,1,1,0,1,1,1,1,-1,0,-1,0,-1,1,1,-1,0,-1,-1,1,-1,-1,1,-1,-1,-1,0,1,0,1,0,0,-1,-1,1,-1,0,0,-1,1,1,0,0,-1,1,1,-1,-1,1,1,0,0,0,-1,0,0,-1,-1,-1,-1,1,1,1,1,0,0,1,0,0,-1,0,0,1,1,0,1,1,0,-1,1,-1,0,0,-1,-1,0,-1,1,0,1,1,0,0,-1,1,-1,-1,1,0,1,1,1,-1,-1,-1,1,0,-1,0,1,-1,-1,1,1,0,0,0,-1,1,0,-1,1,-1,-1,-1,0,-1,1,0,1,-1,0,1,-1,1,1,0,1,1,1,-1,1,1,-1,0,0,0,1,0,-1,0,-1,1,-1,0,-1,0,-1,-1,-1,1,0,1,1,0,1,-1,1,0,0,1,0,0,0,-1,1,-1,1,1,1,0,-1,0,0,1,0,-1,-1,0,-1,1,0,0,0,0,0,1,0,-1,1,0,-1,-1,1,-1,1,0,-1,-1,-1,-1,1,0,-1,-1,0,-1,0,-1,1,1,0,1,-1,-1,-1,1,-1,0,-1,-1,-1,1,-1,-1,0,1,1,1,0,1,1,-1,0,0,-1,1,1,-1,0,1,-1,1,0,-1,-1,-1,0,-1,-1,0,0,-1,-1,1,-1,0,0,-1,1,1,-1,0,1,1,-1,1,0,0,1,0,-1,0,1,-1,-1,1,1,1,0,-1,-1,-1,0,-1,1,0,0,-1,1,1,1,1,0,0,-1,0,0,-1,0,0,-1,1,1,-1,-1,0,-1,-1,1,0,-1,-1,-1,1,1,0,-1,1,0,1,1,1,1,0,1,0,-1,1,0,-1,-1,1,-1,1,-1,0,1,-1,-1,-1,0,1,1,1,1,-1,0,0,1,-1,-1,0,1,1,1,0,1,0,0,1,-1,0,0,1,0,
pq_counter: 0
index_array of x_f_array_copy : 333,
x_f_array_copy: 0,0,0,0,0,0,0,0,0,0,0,0,0,0,0,0,0,0,0,0,0,0,0,0,0,0,0,0,0,0,0,0,0,0,0,0,0,0,0,0,0,0,0,0,0,0,0,0,0,0,0,0,0,0,0,0,0,0,0,0,0,0,0,0,0,0,0,0,0,0,0,0,0,0,0,0,0,0,0,0,0,0,0,0,0,0,0,0,0,0,0,0,0,0,0,0,0,0,0,0,0,0,0,0,0,0,0,0,0,0,0,0,0,0,0,0,0,0,0,0,0,0,0,0,0,0,0,0,0,0,0,0,0,0,0,0,0,0,0,0,0,0,0,0,0,0,0,0,0,0,0,0,0,0,0,0,0,0,0,0,0,0,0,0,0,0,0,0,0,0,0,0,0,0,0,0,0,0,0,0,0,0,0,0,0,0,0,0,0,0,0,0,0,0,0,0,0,0,0,0,0,0,0,0,0,0,0,0,0,0,0,0,0,0,0,0,0,0,0,0,0,0,0,0,0,0,0,0,0,0,0,0,0,0,0,0,0,0,0,0,0,0,0,0,0,0,0,0,0,0,0,0,0,0,0,0,0,0,0,0,0,0,0,0,0,0,0,0,0,0,0,0,0,0,0,0,0,0,0,0,0,0,0,0,0,0,0,0,0,0,0,0,0,0,0,0,0,0,0,0,0,0,0,0,0,0,0,0,0,0,0,0,0,0,0,0,0,0,0,0,0,0,0,0,0,0,0,0,0,0,0,0,0,1,0,0,0,0,0,0,0,0,0,0,0,0,0,0,0,0,0,0,0,0,0,0,0,0,0,0,0,0,0,0,0,0,0,0,0,0,0,0,0,0,0,0,0,0,0,0,0,0,0,0,0,0,0,0,0,0,0,0,0,0,0,0,0,0,0,0,0,0,0,0,0,0,0,0,0,0,0,0,0,0,0,0,0,0,0,0,0,0,0,0,0,0,0,0,0,0,0,0,0,0,0,0,0,0,0,0,0,0,0,0,0,0,0,0,0,0,0,0,0,0,0,0,0,0,0,0,0,0,0,0,0,0,0,0,0,0,0,0,0,0,0,0,0,0,0,0,0,0,0,0,0,0,0,0,0,0,0,0,0,0,0,0,0,0,0,0,0,0,0,0,0,0,0,0,0,0,0,0,0,0,0,0,0,0,0,0,0,0,0,0,0,0,0,0,0,0,0,0,0,0,0,0,0,0,0,0,0,0,0,0,0,0,0,0,0,0,0,0,0,0,0,0,0,0,0,0,0,0,0,0,0,0,0,0,0,0,0,0,0,0,0,0,0,0,0,0,0,0,0,0,0,0,0,0,0,0,0,0,0,0,0,0,0,0,0,0,0,0,0,0,0,0,0,0,0,0,0,0,0,0,0,0,0,0,0,0,0,0,0,0,0,0,0,0,0,0,0,0,0,0,0,0,0,0,0,0,0,0,0,0,0,0,0,0,0,0,0,0,0,
index_array of x_g_array_copy : 560,549,525,
x_g_array_copy: 0,0,0,0,0,0,0,0,0,0,0,0,0,0,0,0,0,0,0,0,0,0,0,0,0,0,0,0,0,0,0,0,0,0,0,0,0,0,0,0,0,0,0,0,0,0,0,0,0,0,0,0,0,0,0,0,0,0,0,0,0,0,0,0,0,0,0,0,0,0,0,0,0,0,0,0,0,0,0,0,0,0,0,0,0,0,0,0,0,0,0,0,0,0,0,0,0,0,0,0,0,0,0,0,0,0,0,0,0,0,0,0,0,0,0,0,0,0,0,0,0,0,0,0,0,0,0,0,0,0,0,0,0,0,0,0,0,0,0,0,0,0,0,0,0,0,0,0,0,0,0,0,0,0,0,0,0,0,0,0,0,0,0,0,0,0,0,0,0,0,0,0,0,0,0,0,0,0,0,0,0,0,0,0,0,0,0,0,0,0,0,0,0,0,0,0,0,0,0,0,0,0,0,0,0,0,0,0,0,0,0,0,0,0,0,0,0,0,0,0,0,0,0,0,0,0,0,0,0,0,0,0,0,0,0,0,0,0,0,0,0,0,0,0,0,0,0,0,0,0,0,0,0,0,0,0,0,0,0,0,0,0,0,0,0,0,0,0,0,0,0,0,0,0,0,0,0,0,0,0,0,0,0,0,0,0,0,0,0,0,0,0,0,0,0,0,0,0,0,0,0,0,0,0,0,0,0,0,0,0,0,0,0,0,0,0,0,0,0,0,0,0,0,0,0,0,0,0,0,0,0,0,0,0,0,0,0,0,0,0,0,0,0,0,0,0,0,0,0,0,0,0,0,0,0,0,0,0,0,0,0,0,0,0,0,0,0,0,0,0,0,0,0,0,0,0,0,0,0,0,0,0,0,0,0,0,0,0,0,0,0,0,0,0,0,0,0,0,0,0,0,0,0,0,0,0,0,0,0,0,0,0,0,0,0,0,0,0,0,0,0,0,0,0,0,0,0,0,0,0,0,0,0,0,0,0,0,0,0,0,0,0,0,0,0,0,0,0,0,0,0,0,0,0,0,0,0,0,0,0,0,0,0,0,0,0,0,0,0,0,0,0,0,0,0,0,0,0,0,0,0,0,0,0,0,0,0,0,0,0,0,0,0,0,0,0,0,0,0,0,0,0,0,0,0,0,0,0,0,0,0,0,0,0,0,0,0,0,0,0,0,0,0,0,0,1,0,0,0,0,0,0,0,0,0,0,0,0,0,0,0,0,0,0,0,0,0,0,0,1,0,0,0,0,0,0,0,0,0,0,1,0,0,0,0,0,0,0,0,0,0,0,0,0,0,0,0,0,0,0,0,0,0,0,0,0,0,0,0,0,0,0,0,0,0,0,0,0,0,0,0,0,0,0,0,0,0,0,0,0,0,0,0,0,0,0,0,0,0,0,0,0,0,0,0,0,0,0,0,0,0,0,0,0,0,0,0,0,0,0,0,0,0,0,0,0,0,0,0,0,0,0,0,
global_g: 1,-1,-1,1,1,1,-1,1,1,0,-1,-1,1,-1,1,1,1,-1,1,-1,0,1,0,-1,-1,1,0,0,0,1,-1,1,0,-1,0,1,1,0,0,1,0,0,1,1,1,1,1,1,1,1,1,1,1,0,1,0,-1,-1,-1,0,0,0,0,1,-1,0,0,-1,1,0,0,0,1,1,-1,1,1,-1,1,0,-1,-1,-1,-1,0,0,1,1,0,1,-1,0,-1,1,0,1,-1,0,-1,1,1,0,-1,0,-1,1,1,0,1,1,-1,-1,1,-1,-1,1,1,-1,0,-1,-1,-1,1,0,0,0,1,-1,1,0,0,0,1,1,1,-1,-1,0,0,1,-1,1,0,1,0,-1,0,-1,0,-1,-1,-1,0,1,1,-1,0,-1,0,0,1,1,0,-1,0,0,1,0,0,0,-1,0,1,1,-1,-1,0,1,1,-1,-1,-1,0,1,-1,0,1,0,1,-1,0,1,1,1,0,0,0,0,-1,1,1,1,0,0,-1,0,0,0,-1,0,-1,1,1,-1,0,1,0,1,-1,1,-1,-1,1,-1,1,0,0,-1,0,-1,0,1,0,1,0,0,1,1,1,0,-1,-1,0,1,1,-1,0,0,-1,1,-1,1,0,0,0,-1,-1,1,1,0,1,-1,0,0,-1,0,1,1,1,0,1,-1,1,1,-1,0,-1,1,1,1,0,1,1,1,1,-1,0,-1,0,-1,1,1,-1,0,-1,-1,1,-1,-1,1,-1,-1,-1,0,1,0,1,0,0,-1,-1,1,-1,0,0,-1,1,1,0,0,-1,1,1,-1,-1,1,1,0,0,0,-1,0,0,-1,-1,-1,-1,1,1,1,1,0,0,1,0,0,-1,0,0,1,1,0,1,1,0,-1,1,-1,0,0,-1,-1,0,-1,1,0,1,1,0,0,-1,1,-1,-1,1,0,1,1,1,-1,-1,-1,1,0,-1,0,1,-1,-1,1,1,0,0,0,-1,1,0,-1,1,-1,-1,-1,0,-1,1,0,1,-1,0,1,-1,1,1,0,1,1,1,-1,1,1,-1,0,0,0,1,0,-1,0,-1,1,-1,0,-1,0,-1,-1,-1,1,0,1,1,0,1,-1,1,0,0,1,0,0,0,-1,1,-1,1,1,1,0,-1,0,0,1,0,-1,-1,0,-1,1,0,0,0,0,0,1,0,-1,1,0,-1,-1,1,-1,1,0,-1,-1,-1,-1,1,0,-1,-1,0,-1,0,-1,1,1,0,1,-1,-1,-1,1,-1,0,-1,-1,-1,1,-1,-1,0,1,1,1,0,1,1,-1,0,0,-1,1,1,-1,0,1,-1,1,0,-1,-1,-1,0,-1,-1,0,0,-1,-1,1,-1,0,0,-1,1,1,-1,0,1,1,-1,1,0,0,1,0,-1,0,1,-1,-1,1,1,1,0,-1,-1,-1,0,-1,1,0,0,-1,1,1,1,1,0,0,-1,0,0,-1,0,0,-1,1,1,-1,-1,0,-1,-1,1,0,-1,-1,-1,1,1,0,-1,1,0,1,1,1,1,0,1,0,-1,1,0,-1,-1,1,-1,1,-1,0,1,-1,-1,-1,0,1,1,1,1,-1,0,0,1,-1,-1,0,1,1,1,0,1,0,0,1,-1,0,0,1,0,
pq_counter: 0
index_array of x_f_array_copy : 573,
x_f_array_copy: 0,0,0,0,0,0,0,0,0,0,0,0,0,0,0,0,0,0,0,0,0,0,0,0,0,0,0,0,0,0,0,0,0,0,0,0,0,0,0,0,0,0,0,0,0,0,0,0,0,0,0,0,0,0,0,0,0,0,0,0,0,0,0,0,0,0,0,0,0,0,0,0,0,0,0,0,0,0,0,0,0,0,0,0,0,0,0,0,0,0,0,0,0,0,0,0,0,0,0,0,0,0,0,0,0,0,0,0,0,0,0,0,0,0,0,0,0,0,0,0,0,0,0,0,0,0,0,0,0,0,0,0,0,0,0,0,0,0,0,0,0,0,0,0,0,0,0,0,0,0,0,0,0,0,0,0,0,0,0,0,0,0,0,0,0,0,0,0,0,0,0,0,0,0,0,0,0,0,0,0,0,0,0,0,0,0,0,0,0,0,0,0,0,0,0,0,0,0,0,0,0,0,0,0,0,0,0,0,0,0,0,0,0,0,0,0,0,0,0,0,0,0,0,0,0,0,0,0,0,0,0,0,0,0,0,0,0,0,0,0,0,0,0,0,0,0,0,0,0,0,0,0,0,0,0,0,0,0,0,0,0,0,0,0,0,0,0,0,0,0,0,0,0,0,0,0,0,0,0,0,0,0,0,0,0,0,0,0,0,0,0,0,0,0,0,0,0,0,0,0,0,0,0,0,0,0,0,0,0,0,0,0,0,0,0,0,0,0,0,0,0,0,0,0,0,0,0,0,0,0,0,0,0,0,0,0,0,0,0,0,0,0,0,0,0,0,0,0,0,0,0,0,0,0,0,0,0,0,0,0,0,0,0,0,0,0,0,0,0,0,0,0,0,0,0,0,0,0,0,0,0,0,0,0,0,0,0,0,0,0,0,0,0,0,0,0,0,0,0,0,0,0,0,0,0,0,0,0,0,0,0,0,0,0,0,0,0,0,0,0,0,0,0,0,0,0,0,0,0,0,0,0,0,0,0,0,0,0,0,0,0,0,0,0,0,0,0,0,0,0,0,0,0,0,0,0,0,0,0,0,0,0,0,0,0,0,0,0,0,0,0,0,0,0,0,0,0,0,0,0,0,0,0,0,0,0,0,0,0,0,0,0,0,0,0,0,0,0,0,0,0,0,0,0,0,0,0,0,0,0,0,0,0,0,0,0,0,0,0,0,0,0,0,0,0,0,0,0,0,0,0,0,0,0,0,0,0,0,0,0,0,0,0,0,0,0,0,0,0,0,0,0,0,0,0,0,0,0,0,0,0,0,0,0,0,0,0,0,0,0,0,0,0,1,0,0,0,0,0,0,0,0,0,0,0,0,0,0,0,0,0,0,0,0,0,0,0,0,0,0,0,0,0,0,0,0,0,0,0,0,0,0,0,0,0,0,0,0,0,0,0,0,0,0,0,0,0,0,0,0,0,0,0,0,0,0,0,0,0,0,0,0,0,0,0,0,0,0,0,0,0,0,0,
index_array of x_g_array_copy : 534,523,478,
x_g_array_copy: 0,0,0,0,0,0,0,0,0,0,0,0,0,0,0,0,0,0,0,0,0,0,0,0,0,0,0,0,0,0,0,0,0,0,0,0,0,0,0,0,0,0,0,0,0,0,0,0,0,0,0,0,0,0,0,0,0,0,0,0,0,0,0,0,0,0,0,0,0,0,0,0,0,0,0,0,0,0,0,0,0,0,0,0,0,0,0,0,0,0,0,0,0,0,0,0,0,0,0,0,0,0,0,0,0,0,0,0,0,0,0,0,0,0,0,0,0,0,0,0,0,0,0,0,0,0,0,0,0,0,0,0,0,0,0,0,0,0,0,0,0,0,0,0,0,0,0,0,0,0,0,0,0,0,0,0,0,0,0,0,0,0,0,0,0,0,0,0,0,0,0,0,0,0,0,0,0,0,0,0,0,0,0,0,0,0,0,0,0,0,0,0,0,0,0,0,0,0,0,0,0,0,0,0,0,0,0,0,0,0,0,0,0,0,0,0,0,0,0,0,0,0,0,0,0,0,0,0,0,0,0,0,0,0,0,0,0,0,0,0,0,0,0,0,0,0,0,0,0,0,0,0,0,0,0,0,0,0,0,0,0,0,0,0,0,0,0,0,0,0,0,0,0,0,0,0,0,0,0,0,0,0,0,0,0,0,0,0,0,0,0,0,0,0,0,0,0,0,0,0,0,0,0,0,0,0,0,0,0,0,0,0,0,0,0,0,0,0,0,0,0,0,0,0,0,0,0,0,0,0,0,0,0,0,0,0,0,0,0,0,0,0,0,0,0,0,0,0,0,0,0,0,0,0,0,0,0,0,0,0,0,0,0,0,0,0,0,0,0,0,0,0,0,0,0,0,0,0,0,0,0,0,0,0,0,0,0,0,0,0,0,0,0,0,0,0,0,0,0,0,0,0,0,0,0,0,0,0,0,0,0,0,0,0,0,0,0,0,0,0,0,0,0,0,0,0,0,0,0,0,0,0,0,0,0,0,0,0,0,0,0,0,0,0,0,0,0,0,0,0,0,0,0,0,0,0,0,0,0,0,0,0,0,0,0,0,0,0,0,0,0,0,0,0,0,0,0,0,1,0,0,0,0,0,0,0,0,0,0,0,0,0,0,0,0,0,0,0,0,0,0,0,0,0,0,0,0,0,0,0,0,0,0,0,0,0,0,0,0,0,0,0,0,1,0,0,0,0,0,0,0,0,0,0,1,0,0,0,0,0,0,0,0,0,0,0,0,0,0,0,0,0,0,0,0,0,0,0,0,0,0,0,0,0,0,0,0,0,0,0,0,0,0,0,0,0,0,0,0,0,0,0,0,0,0,0,0,0,0,0,0,0,0,0,0,0,0,0,0,0,0,0,0,0,0,0,0,0,0,0,0,0,0,0,0,0,0,0,0,0,0,0,0,0,0,0,0,0,0,0,0,0,0,0,0,0,0,0,0,0,0,0,0,0,0,0,0,0,0,0,0,0,0,
global_g: 1,-1,-1,1,1,1,-1,1,1,0,-1,-1,1,-1,1,1,1,-1,1,-1,0,1,0,-1,-1,1,0,0,0,1,-1,1,0,-1,0,1,1,0,0,1,0,0,1,1,1,1,1,1,1,1,1,1,1,0,1,0,-1,-1,-1,0,0,0,0,1,-1,0,0,-1,1,0,0,0,1,1,-1,1,1,-1,1,0,-1,-1,-1,-1,0,0,1,1,0,1,-1,0,-1,1,0,1,-1,0,-1,1,1,0,-1,0,-1,1,1,0,1,1,-1,-1,1,-1,-1,1,1,-1,0,-1,-1,-1,1,0,0,0,1,-1,1,0,0,0,1,1,1,-1,-1,0,0,1,-1,1,0,1,0,-1,0,-1,0,-1,-1,-1,0,1,1,-1,0,-1,0,0,1,1,0,-1,0,0,1,0,0,0,-1,0,1,1,-1,-1,0,1,1,-1,-1,-1,0,1,-1,0,1,0,1,-1,0,1,1,1,0,0,0,0,-1,1,1,1,0,0,-1,0,0,0,-1,0,-1,1,1,-1,0,1,0,1,-1,1,-1,-1,1,-1,1,0,0,-1,0,-1,0,1,0,1,0,0,1,1,1,0,-1,-1,0,1,1,-1,0,0,-1,1,-1,1,0,0,0,-1,-1,1,1,0,1,-1,0,0,-1,0,1,1,1,0,1,-1,1,1,-1,0,-1,1,1,1,0,1,1,1,1,-1,0,-1,0,-1,1,1,-1,0,-1,-1,1,-1,-1,1,-1,-1,-1,0,1,0,1,0,0,-1,-1,1,-1,0,0,-1,1,1,0,0,-1,1,1,-1,-1,1,1,0,0,0,-1,0,0,-1,-1,-1,-1,1,1,1,1,0,0,1,0,0,-1,0,0,1,1,0,1,1,0,-1,1,-1,0,0,-1,-1,0,-1,1,0,1,1,0,0,-1,1,-1,-1,1,0,1,1,1,-1,-1,-1,1,0,-1,0,1,-1,-1,1,1,0,0,0,-1,1,0,-1,1,-1,-1,-1,0,-1,1,0,1,-1,0,1,-1,1,1,0,1,1,1,-1,1,1,-1,0,0,0,1,0,-1,0,-1,1,-1,0,-1,0,-1,-1,-1,1,0,1,1,0,1,-1,1,0,0,1,0,0,0,-1,1,-1,1,1,1,0,-1,0,0,1,0,-1,-1,0,-1,1,0,0,0,0,0,1,0,-1,1,0,-1,-1,1,-1,1,0,-1,-1,-1,-1,1,0,-1,-1,0,-1,0,-1,1,1,0,1,-1,-1,-1,1,-1,0,-1,-1,-1,1,-1,-1,0,1,1,1,0,1,1,-1,0,0,-1,1,1,-1,0,1,-1,1,0,-1,-1,-1,0,-1,-1,0,0,-1,-1,1,-1,0,0,-1,1,1,-1,0,1,1,-1,1,0,0,1,0,-1,0,1,-1,-1,1,1,1,0,-1,-1,-1,0,-1,1,0,0,-1,1,1,1,1,0,0,-1,0,0,-1,0,0,-1,1,1,-1,-1,0,-1,-1,1,0,-1,-1,-1,1,1,0,-1,1,0,1,1,1,1,0,1,0,-1,1,0,-1,-1,1,-1,1,-1,0,1,-1,-1,-1,0,1,1,1,1,-1,0,0,1,-1,-1,0,1,1,1,0,1,0,0,1,-1,0,0,1,0,
pq_counter: 0
index_array of x_f_array_copy : 623,
x_f_array_copy: 0,0,0,0,0,0,0,0,0,0,0,0,0,0,0,0,0,0,0,0,0,0,0,0,0,0,0,0,0,0,0,0,0,0,0,0,0,0,0,0,0,0,0,0,0,0,0,0,0,0,0,0,0,0,0,0,0,0,0,0,0,0,0,0,0,0,0,0,0,0,0,0,0,0,0,0,0,0,0,0,0,0,0,0,0,0,0,0,0,0,0,0,0,0,0,0,0,0,0,0,0,0,0,0,0,0,0,0,0,0,0,0,0,0,0,0,0,0,0,0,0,0,0,0,0,0,0,0,0,0,0,0,0,0,0,0,0,0,0,0,0,0,0,0,0,0,0,0,0,0,0,0,0,0,0,0,0,0,0,0,0,0,0,0,0,0,0,0,0,0,0,0,0,0,0,0,0,0,0,0,0,0,0,0,0,0,0,0,0,0,0,0,0,0,0,0,0,0,0,0,0,0,0,0,0,0,0,0,0,0,0,0,0,0,0,0,0,0,0,0,0,0,0,0,0,0,0,0,0,0,0,0,0,0,0,0,0,0,0,0,0,0,0,0,0,0,0,0,0,0,0,0,0,0,0,0,0,0,0,0,0,0,0,0,0,0,0,0,0,0,0,0,0,0,0,0,0,0,0,0,0,0,0,0,0,0,0,0,0,0,0,0,0,0,0,0,0,0,0,0,0,0,0,0,0,0,0,0,0,0,0,0,0,0,0,0,0,0,0,0,0,0,0,0,0,0,0,0,0,0,0,0,0,0,0,0,0,0,0,0,0,0,0,0,0,0,0,0,0,0,0,0,0,0,0,0,0,0,0,0,0,0,0,0,0,0,0,0,0,0,0,0,0,0,0,0,0,0,0,0,0,0,0,0,0,0,0,0,0,0,0,0,0,0,0,0,0,0,0,0,0,0,0,0,0,0,0,0,0,0,0,0,0,0,0,0,0,0,0,0,0,0,0,0,0,0,0,0,0,0,0,0,0,0,0,0,0,0,0,0,0,0,0,0,0,0,0,0,0,0,0,0,0,0,0,0,0,0,0,0,0,0,0,0,0,0,0,0,0,0,0,0,0,0,0,0,0,0,0,0,0,0,0,0,0,0,0,0,0,0,0,0,0,0,0,0,0,0,0,0,0,0,0,0,0,0,0,0,0,0,0,0,0,0,0,0,0,0,0,0,0,0,0,0,0,0,0,0,0,0,0,0,0,0,0,0,0,0,0,0,0,0,0,0,0,0,0,0,0,0,0,0,0,0,0,0,0,0,0,0,0,0,0,0,0,0,0,0,0,0,0,0,0,0,0,0,0,0,0,0,0,0,0,0,0,0,0,0,0,0,0,0,0,0,0,0,0,0,0,0,0,0,0,0,0,0,0,0,0,0,0,0,0,0,0,0,0,0,0,0,0,0,0,1,0,0,0,0,0,0,0,0,0,0,0,0,0,0,0,0,0,0,0,0,0,0,0,0,0,0,0,0,0,
index_array of x_g_array_copy : 332,477,624,
x_g_array_copy: 0,0,0,0,0,0,0,0,0,0,0,0,0,0,0,0,0,0,0,0,0,0,0,0,0,0,0,0,0,0,0,0,0,0,0,0,0,0,0,0,0,0,0,0,0,0,0,0,0,0,0,0,0,0,0,0,0,0,0,0,0,0,0,0,0,0,0,0,0,0,0,0,0,0,0,0,0,0,0,0,0,0,0,0,0,0,0,0,0,0,0,0,0,0,0,0,0,0,0,0,0,0,0,0,0,0,0,0,0,0,0,0,0,0,0,0,0,0,0,0,0,0,0,0,0,0,0,0,0,0,0,0,0,0,0,0,0,0,0,0,0,0,0,0,0,0,0,0,0,0,0,0,0,0,0,0,0,0,0,0,0,0,0,0,0,0,0,0,0,0,0,0,0,0,0,0,0,0,0,0,0,0,0,0,0,0,0,0,0,0,0,0,0,0,0,0,0,0,0,0,0,0,0,0,0,0,0,0,0,0,0,0,0,0,0,0,0,0,0,0,0,0,0,0,0,0,0,0,0,0,0,0,0,0,0,0,0,0,0,0,0,0,0,0,0,0,0,0,0,0,0,0,0,0,0,0,0,0,0,0,0,0,0,0,0,0,0,0,0,0,0,0,0,0,0,0,0,0,0,0,0,0,0,0,0,0,0,0,0,0,0,0,0,0,0,0,0,0,0,0,0,0,0,0,0,0,0,0,0,0,0,0,0,0,0,0,0,0,0,0,0,0,0,0,0,0,0,0,0,0,0,0,1,0,0,0,0,0,0,0,0,0,0,0,0,0,0,0,0,0,0,0,0,0,0,0,0,0,0,0,0,0,0,0,0,0,0,0,0,0,0,0,0,0,0,0,0,0,0,0,0,0,0,0,0,0,0,0,0,0,0,0,0,0,0,0,0,0,0,0,0,0,0,0,0,0,0,0,0,0,0,0,0,0,0,0,0,0,0,0,0,0,0,0,0,0,0,0,0,0,0,0,0,0,0,0,0,0,0,0,0,0,0,0,0,0,0,0,0,0,0,0,0,0,0,0,0,0,0,0,0,0,0,0,0,0,0,0,0,0,0,0,0,0,0,0,0,1,0,0,0,0,0,0,0,0,0,0,0,0,0,0,0,0,0,0,0,0,0,0,0,0,0,0,0,0,0,0,0,0,0,0,0,0,0,0,0,0,0,0,0,0,0,0,0,0,0,0,0,0,0,0,0,0,0,0,0,0,0,0,0,0,0,0,0,0,0,0,0,0,0,0,0,0,0,0,0,0,0,0,0,0,0,0,0,0,0,0,0,0,0,0,0,0,0,0,0,0,0,0,0,0,0,0,0,0,0,0,0,0,0,0,0,0,0,0,0,0,0,0,0,0,0,0,0,0,0,0,0,0,0,0,0,0,0,0,0,0,0,0,0,0,0,0,1,0,0,0,0,0,0,0,0,0,0,0,0,0,0,0,0,0,0,0,0,0,0,0,0,0,0,0,0,
global_g: 1,-1,-1,1,1,1,-1,1,1,0,-1,-1,1,-1,1,1,1,-1,1,-1,0,1,0,-1,-1,1,0,0,0,1,-1,1,0,-1,0,1,1,0,0,1,0,0,1,1,1,1,1,1,1,1,1,1,1,0,1,0,-1,-1,-1,0,0,0,0,1,-1,0,0,-1,1,0,0,0,1,1,-1,1,1,-1,1,0,-1,-1,-1,-1,0,0,1,1,0,1,-1,0,-1,1,0,1,-1,0,-1,1,1,0,-1,0,-1,1,1,0,1,1,-1,-1,1,-1,-1,1,1,-1,0,-1,-1,-1,1,0,0,0,1,-1,1,0,0,0,1,1,1,-1,-1,0,0,1,-1,1,0,1,0,-1,0,-1,0,-1,-1,-1,0,1,1,-1,0,-1,0,0,1,1,0,-1,0,0,1,0,0,0,-1,0,1,1,-1,-1,0,1,1,-1,-1,-1,0,1,-1,0,1,0,1,-1,0,1,1,1,0,0,0,0,-1,1,1,1,0,0,-1,0,0,0,-1,0,-1,1,1,-1,0,1,0,1,-1,1,-1,-1,1,-1,1,0,0,-1,0,-1,0,1,0,1,0,0,1,1,1,0,-1,-1,0,1,1,-1,0,0,-1,1,-1,1,0,0,0,-1,-1,1,1,0,1,-1,0,0,-1,0,1,1,1,0,1,-1,1,1,-1,0,-1,1,1,1,0,1,1,1,1,-1,0,-1,0,-1,1,1,-1,0,-1,-1,1,-1,-1,1,-1,-1,-1,0,1,0,1,0,0,-1,-1,1,-1,0,0,-1,1,1,0,0,-1,1,1,-1,-1,1,1,0,0,0,-1,0,0,-1,-1,-1,-1,1,1,1,1,0,0,1,0,0,-1,0,0,1,1,0,1,1,0,-1,1,-1,0,0,-1,-1,0,-1,1,0,1,1,0,0,-1,1,-1,-1,1,0,1,1,1,-1,-1,-1,1,0,-1,0,1,-1,-1,1,1,0,0,0,-1,1,0,-1,1,-1,-1,-1,0,-1,1,0,1,-1,0,1,-1,1,1,0,1,1,1,-1,1,1,-1,0,0,0,1,0,-1,0,-1,1,-1,0,-1,0,-1,-1,-1,1,0,1,1,0,1,-1,1,0,0,1,0,0,0,-1,1,-1,1,1,1,0,-1,0,0,1,0,-1,-1,0,-1,1,0,0,0,0,0,1,0,-1,1,0,-1,-1,1,-1,1,0,-1,-1,-1,-1,1,0,-1,-1,0,-1,0,-1,1,1,0,1,-1,-1,-1,1,-1,0,-1,-1,-1,1,-1,-1,0,1,1,1,0,1,1,-1,0,0,-1,1,1,-1,0,1,-1,1,0,-1,-1,-1,0,-1,-1,0,0,-1,-1,1,-1,0,0,-1,1,1,-1,0,1,1,-1,1,0,0,1,0,-1,0,1,-1,-1,1,1,1,0,-1,-1,-1,0,-1,1,0,0,-1,1,1,1,1,0,0,-1,0,0,-1,0,0,-1,1,1,-1,-1,0,-1,-1,1,0,-1,-1,-1,1,1,0,-1,1,0,1,1,1,1,0,1,0,-1,1,0,-1,-1,1,-1,1,-1,0,1,-1,-1,-1,0,1,1,1,1,-1,0,0,1,-1,-1,0,1,1,1,0,1,0,0,1,-1,0,0,1,0,
pq_counter: 0
index_array of x_f_array_copy : 639,
x_f_array_copy: 0,0,0,0,0,0,0,0,0,0,0,0,0,0,0,0,0,0,0,0,0,0,0,0,0,0,0,0,0,0,0,0,0,0,0,0,0,0,0,0,0,0,0,0,0,0,0,0,0,0,0,0,0,0,0,0,0,0,0,0,0,0,0,0,0,0,0,0,0,0,0,0,0,0,0,0,0,0,0,0,0,0,0,0,0,0,0,0,0,0,0,0,0,0,0,0,0,0,0,0,0,0,0,0,0,0,0,0,0,0,0,0,0,0,0,0,0,0,0,0,0,0,0,0,0,0,0,0,0,0,0,0,0,0,0,0,0,0,0,0,0,0,0,0,0,0,0,0,0,0,0,0,0,0,0,0,0,0,0,0,0,0,0,0,0,0,0,0,0,0,0,0,0,0,0,0,0,0,0,0,0,0,0,0,0,0,0,0,0,0,0,0,0,0,0,0,0,0,0,0,0,0,0,0,0,0,0,0,0,0,0,0,0,0,0,0,0,0,0,0,0,0,0,0,0,0,0,0,0,0,0,0,0,0,0,0,0,0,0,0,0,0,0,0,0,0,0,0,0,0,0,0,0,0,0,0,0,0,0,0,0,0,0,0,0,0,0,0,0,0,0,0,0,0,0,0,0,0,0,0,0,0,0,0,0,0,0,0,0,0,0,0,0,0,0,0,0,0,0,0,0,0,0,0,0,0,0,0,0,0,0,0,0,0,0,0,0,0,0,0,0,0,0,0,0,0,0,0,0,0,0,0,0,0,0,0,0,0,0,0,0,0,0,0,0,0,0,0,0,0,0,0,0,0,0,0,0,0,0,0,0,0,0,0,0,0,0,0,0,0,0,0,0,0,0,0,0,0,0,0,0,0,0,0,0,0,0,0,0,0,0,0,0,0,0,0,0,0,0,0,0,0,0,0,0,0,0,0,0,0,0,0,0,0,0,0,0,0,0,0,0,0,0,0,0,0,0,0,0,0,0,0,0,0,0,0,0,0,0,0,0,0,0,0,0,0,0,0,0,0,0,0,0,0,0,0,0,0,0,0,0,0,0,0,0,0,0,0,0,0,0,0,0,0,0,0,0,0,0,0,0,0,0,0,0,0,0,0,0,0,0,0,0,0,0,0,0,0,0,0,0,0,0,0,0,0,0,0,0,0,0,0,0,0,0,0,0,0,0,0,0,0,0,0,0,0,0,0,0,0,0,0,0,0,0,0,0,0,0,0,0,0,0,0,0,0,0,0,0,0,0,0,0,0,0,0,0,0,0,0,0,0,0,0,0,0,0,0,0,0,0,0,0,0,0,0,0,0,0,0,0,0,0,0,0,0,0,0,0,0,0,0,0,0,0,0,0,0,0,0,0,0,0,0,0,0,0,0,0,0,0,0,0,0,0,0,0,0,0,0,0,0,0,0,0,0,0,0,0,0,0,0,0,0,0,0,0,0,0,1,0,0,0,0,0,0,0,0,0,0,0,0,0,
index_array of x_g_array_copy : 476,603,388,
x_g_array_copy: 0,0,0,0,0,0,0,0,0,0,0,0,0,0,0,0,0,0,0,0,0,0,0,0,0,0,0,0,0,0,0,0,0,0,0,0,0,0,0,0,0,0,0,0,0,0,0,0,0,0,0,0,0,0,0,0,0,0,0,0,0,0,0,0,0,0,0,0,0,0,0,0,0,0,0,0,0,0,0,0,0,0,0,0,0,0,0,0,0,0,0,0,0,0,0,0,0,0,0,0,0,0,0,0,0,0,0,0,0,0,0,0,0,0,0,0,0,0,0,0,0,0,0,0,0,0,0,0,0,0,0,0,0,0,0,0,0,0,0,0,0,0,0,0,0,0,0,0,0,0,0,0,0,0,0,0,0,0,0,0,0,0,0,0,0,0,0,0,0,0,0,0,0,0,0,0,0,0,0,0,0,0,0,0,0,0,0,0,0,0,0,0,0,0,0,0,0,0,0,0,0,0,0,0,0,0,0,0,0,0,0,0,0,0,0,0,0,0,0,0,0,0,0,0,0,0,0,0,0,0,0,0,0,0,0,0,0,0,0,0,0,0,0,0,0,0,0,0,0,0,0,0,0,0,0,0,0,0,0,0,0,0,0,0,0,0,0,0,0,0,0,0,0,0,0,0,0,0,0,0,0,0,0,0,0,0,0,0,0,0,0,0,0,0,0,0,0,0,0,0,0,0,0,0,0,0,0,0,0,0,0,0,0,0,0,0,0,0,0,0,0,0,0,0,0,0,0,0,0,0,0,0,0,0,0,0,0,0,0,0,0,0,0,0,0,0,0,0,0,0,0,0,0,0,0,0,0,0,0,0,0,0,0,0,0,0,0,0,0,0,0,0,0,0,0,0,0,0,0,0,0,0,0,0,0,0,0,0,1,0,0,0,0,0,0,0,0,0,0,0,0,0,0,0,0,0,0,0,0,0,0,0,0,0,0,0,0,0,0,0,0,0,0,0,0,0,0,0,0,0,0,0,0,0,0,0,0,0,0,0,0,0,0,0,0,0,0,0,0,0,0,0,0,0,0,0,0,0,0,0,0,0,0,0,0,0,0,0,0,0,0,0,0,0,0,0,1,0,0,0,0,0,0,0,0,0,0,0,0,0,0,0,0,0,0,0,0,0,0,0,0,0,0,0,0,0,0,0,0,0,0,0,0,0,0,0,0,0,0,0,0,0,0,0,0,0,0,0,0,0,0,0,0,0,0,0,0,0,0,0,0,0,0,0,0,0,0,0,0,0,0,0,0,0,0,0,0,0,0,0,0,0,0,0,0,0,0,0,0,0,0,0,0,0,0,0,0,0,0,0,0,0,0,0,0,0,0,0,0,0,0,0,0,0,0,0,0,0,0,0,0,0,0,1,0,0,0,0,0,0,0,0,0,0,0,0,0,0,0,0,0,0,0,0,0,0,0,0,0,0,0,0,0,0,0,0,0,0,0,0,0,0,0,0,0,0,0,0,0,0,0,0,0,
global_g: 1,-1,-1,1,1,1,-1,1,1,0,-1,-1,1,-1,1,1,1,-1,1,-1,0,1,0,-1,-1,1,0,0,0,1,-1,1,0,-1,0,1,1,0,0,1,0,0,1,1,1,1,1,1,1,1,1,1,1,0,1,0,-1,-1,-1,0,0,0,0,1,-1,0,0,-1,1,0,0,0,1,1,-1,1,1,-1,1,0,-1,-1,-1,-1,0,0,1,1,0,1,-1,0,-1,1,0,1,-1,0,-1,1,1,0,-1,0,-1,1,1,0,1,1,-1,-1,1,-1,-1,1,1,-1,0,-1,-1,-1,1,0,0,0,1,-1,1,0,0,0,1,1,1,-1,-1,0,0,1,-1,1,0,1,0,-1,0,-1,0,-1,-1,-1,0,1,1,-1,0,-1,0,0,1,1,0,-1,0,0,1,0,0,0,-1,0,1,1,-1,-1,0,1,1,-1,-1,-1,0,1,-1,0,1,0,1,-1,0,1,1,1,0,0,0,0,-1,1,1,1,0,0,-1,0,0,0,-1,0,-1,1,1,-1,0,1,0,1,-1,1,-1,-1,1,-1,1,0,0,-1,0,-1,0,1,0,1,0,0,1,1,1,0,-1,-1,0,1,1,-1,0,0,-1,1,-1,1,0,0,0,-1,-1,1,1,0,1,-1,0,0,-1,0,1,1,1,0,1,-1,1,1,-1,0,-1,1,1,1,0,1,1,1,1,-1,0,-1,0,-1,1,1,-1,0,-1,-1,1,-1,-1,1,-1,-1,-1,0,1,0,1,0,0,-1,-1,1,-1,0,0,-1,1,1,0,0,-1,1,1,-1,-1,1,1,0,0,0,-1,0,0,-1,-1,-1,-1,1,1,1,1,0,0,1,0,0,-1,0,0,1,1,0,1,1,0,-1,1,-1,0,0,-1,-1,0,-1,1,0,1,1,0,0,-1,1,-1,-1,1,0,1,1,1,-1,-1,-1,1,0,-1,0,1,-1,-1,1,1,0,0,0,-1,1,0,-1,1,-1,-1,-1,0,-1,1,0,1,-1,0,1,-1,1,1,0,1,1,1,-1,1,1,-1,0,0,0,1,0,-1,0,-1,1,-1,0,-1,0,-1,-1,-1,1,0,1,1,0,1,-1,1,0,0,1,0,0,0,-1,1,-1,1,1,1,0,-1,0,0,1,0,-1,-1,0,-1,1,0,0,0,0,0,1,0,-1,1,0,-1,-1,1,-1,1,0,-1,-1,-1,-1,1,0,-1,-1,0,-1,0,-1,1,1,0,1,-1,-1,-1,1,-1,0,-1,-1,-1,1,-1,-1,0,1,1,1,0,1,1,-1,0,0,-1,1,1,-1,0,1,-1,1,0,-1,-1,-1,0,-1,-1,0,0,-1,-1,1,-1,0,0,-1,1,1,-1,0,1,1,-1,1,0,0,1,0,-1,0,1,-1,-1,1,1,1,0,-1,-1,-1,0,-1,1,0,0,-1,1,1,1,1,0,0,-1,0,0,-1,0,0,-1,1,1,-1,-1,0,-1,-1,1,0,-1,-1,-1,1,1,0,-1,1,0,1,1,1,1,0,1,0,-1,1,0,-1,-1,1,-1,1,-1,0,1,-1,-1,-1,0,1,1,1,1,-1,0,0,1,-1,-1,0,1,1,1,0,1,0,0,1,-1,0,0,1,0,
pq_counter: 0
index_array of x_f_array_copy : 465,
x_f_array_copy: 0,0,0,0,0,0,0,0,0,0,0,0,0,0,0,0,0,0,0,0,0,0,0,0,0,0,0,0,0,0,0,0,0,0,0,0,0,0,0,0,0,0,0,0,0,0,0,0,0,0,0,0,0,0,0,0,0,0,0,0,0,0,0,0,0,0,0,0,0,0,0,0,0,0,0,0,0,0,0,0,0,0,0,0,0,0,0,0,0,0,0,0,0,0,0,0,0,0,0,0,0,0,0,0,0,0,0,0,0,0,0,0,0,0,0,0,0,0,0,0,0,0,0,0,0,0,0,0,0,0,0,0,0,0,0,0,0,0,0,0,0,0,0,0,0,0,0,0,0,0,0,0,0,0,0,0,0,0,0,0,0,0,0,0,0,0,0,0,0,0,0,0,0,0,0,0,0,0,0,0,0,0,0,0,0,0,0,0,0,0,0,0,0,0,0,0,0,0,0,0,0,0,0,0,0,0,0,0,0,0,0,0,0,0,0,0,0,0,0,0,0,0,0,0,0,0,0,0,0,0,0,0,0,0,0,0,0,0,0,0,0,0,0,0,0,0,0,0,0,0,0,0,0,0,0,0,0,0,0,0,0,0,0,0,0,0,0,0,0,0,0,0,0,0,0,0,0,0,0,0,0,0,0,0,0,0,0,0,0,0,0,0,0,0,0,0,0,0,0,0,0,0,0,0,0,0,0,0,0,0,0,0,0,0,0,0,0,0,0,0,0,0,0,0,0,0,0,0,0,0,0,0,0,0,0,0,0,0,0,0,0,0,0,0,0,0,0,0,0,0,0,0,0,0,0,0,0,0,0,0,0,0,0,0,0,0,0,0,0,0,0,0,0,0,0,0,0,0,0,0,0,0,0,0,0,0,0,0,0,0,0,0,0,0,0,0,0,0,0,0,0,0,0,0,0,0,0,0,0,0,0,0,0,0,0,0,0,0,0,0,0,0,0,0,0,0,0,0,0,0,0,0,0,0,0,0,0,0,0,0,0,0,0,0,0,0,0,0,0,0,0,0,0,0,0,0,0,0,0,0,0,0,0,0,0,1,0,0,0,0,0,0,0,0,0,0,0,0,0,0,0,0,0,0,0,0,0,0,0,0,0,0,0,0,0,0,0,0,0,0,0,0,0,0,0,0,0,0,0,0,0,0,0,0,0,0,0,0,0,0,0,0,0,0,0,0,0,0,0,0,0,0,0,0,0,0,0,0,0,0,0,0,0,0,0,0,0,0,0,0,0,0,0,0,0,0,0,0,0,0,0,0,0,0,0,0,0,0,0,0,0,0,0,0,0,0,0,0,0,0,0,0,0,0,0,0,0,0,0,0,0,0,0,0,0,0,0,0,0,0,0,0,0,0,0,0,0,0,0,0,0,0,0,0,0,0,0,0,0,0,0,0,0,0,0,0,0,0,0,0,0,0,0,0,0,0,0,0,0,0,0,0,0,0,0,0,0,0,0,0,0,0,0,
index_array of x_g_array_copy : 627,453,330,
x_g_array_copy: 0,0,0,0,0,0,0,0,0,0,0,0,0,0,0,0,0,0,0,0,0,0,0,0,0,0,0,0,0,0,0,0,0,0,0,0,0,0,0,0,0,0,0,0,0,0,0,0,0,0,0,0,0,0,0,0,0,0,0,0,0,0,0,0,0,0,0,0,0,0,0,0,0,0,0,0,0,0,0,0,0,0,0,0,0,0,0,0,0,0,0,0,0,0,0,0,0,0,0,0,0,0,0,0,0,0,0,0,0,0,0,0,0,0,0,0,0,0,0,0,0,0,0,0,0,0,0,0,0,0,0,0,0,0,0,0,0,0,0,0,0,0,0,0,0,0,0,0,0,0,0,0,0,0,0,0,0,0,0,0,0,0,0,0,0,0,0,0,0,0,0,0,0,0,0,0,0,0,0,0,0,0,0,0,0,0,0,0,0,0,0,0,0,0,0,0,0,0,0,0,0,0,0,0,0,0,0,0,0,0,0,0,0,0,0,0,0,0,0,0,0,0,0,0,0,0,0,0,0,0,0,0,0,0,0,0,0,0,0,0,0,0,0,0,0,0,0,0,0,0,0,0,0,0,0,0,0,0,0,0,0,0,0,0,0,0,0,0,0,0,0,0,0,0,0,0,0,0,0,0,0,0,0,0,0,0,0,0,0,0,0,0,0,0,0,0,0,0,0,0,0,0,0,0,0,0,0,0,0,0,0,0,0,0,0,0,0,0,0,0,0,0,0,0,0,0,0,0,0,0,1,0,0,0,0,0,0,0,0,0,0,0,0,0,0,0,0,0,0,0,0,0,0,0,0,0,0,0,0,0,0,0,0,0,0,0,0,0,0,0,0,0,0,0,0,0,0,0,0,0,0,0,0,0,0,0,0,0,0,0,0,0,0,0,0,0,0,0,0,0,0,0,0,0,0,0,0,0,0,0,0,0,0,0,0,0,0,0,0,0,0,0,0,0,0,0,0,0,0,0,0,0,0,0,0,0,0,0,0,0,0,0,0,0,0,0,0,0,0,0,0,0,0,1,0,0,0,0,0,0,0,0,0,0,0,0,0,0,0,0,0,0,0,0,0,0,0,0,0,0,0,0,0,0,0,0,0,0,0,0,0,0,0,0,0,0,0,0,0,0,0,0,0,0,0,0,0,0,0,0,0,0,0,0,0,0,0,0,0,0,0,0,0,0,0,0,0,0,0,0,0,0,0,0,0,0,0,0,0,0,0,0,0,0,0,0,0,0,0,0,0,0,0,0,0,0,0,0,0,0,0,0,0,0,0,0,0,0,0,0,0,0,0,0,0,0,0,0,0,0,0,0,0,0,0,0,0,0,0,0,0,0,0,0,0,0,0,0,0,0,0,0,0,0,0,0,0,0,0,0,0,0,0,0,0,0,0,0,0,0,0,0,0,0,0,0,0,1,0,0,0,0,0,0,0,0,0,0,0,0,0,0,0,0,0,0,0,0,0,0,0,0,0,
global_g: 1,-1,-1,1,1,1,-1,1,1,0,-1,-1,1,-1,1,1,1,-1,1,-1,0,1,0,-1,-1,1,0,0,0,1,-1,1,0,-1,0,1,1,0,0,1,0,0,1,1,1,1,1,1,1,1,1,1,1,0,1,0,-1,-1,-1,0,0,0,0,1,-1,0,0,-1,1,0,0,0,1,1,-1,1,1,-1,1,0,-1,-1,-1,-1,0,0,1,1,0,1,-1,0,-1,1,0,1,-1,0,-1,1,1,0,-1,0,-1,1,1,0,1,1,-1,-1,1,-1,-1,1,1,-1,0,-1,-1,-1,1,0,0,0,1,-1,1,0,0,0,1,1,1,-1,-1,0,0,1,-1,1,0,1,0,-1,0,-1,0,-1,-1,-1,0,1,1,-1,0,-1,0,0,1,1,0,-1,0,0,1,0,0,0,-1,0,1,1,-1,-1,0,1,1,-1,-1,-1,0,1,-1,0,1,0,1,-1,0,1,1,1,0,0,0,0,-1,1,1,1,0,0,-1,0,0,0,-1,0,-1,1,1,-1,0,1,0,1,-1,1,-1,-1,1,-1,1,0,0,-1,0,-1,0,1,0,1,0,0,1,1,1,0,-1,-1,0,1,1,-1,0,0,-1,1,-1,1,0,0,0,-1,-1,1,1,0,1,-1,0,0,-1,0,1,1,1,0,1,-1,1,1,-1,0,-1,1,1,1,0,1,1,1,1,-1,0,-1,0,-1,1,1,-1,0,-1,-1,1,-1,-1,1,-1,-1,-1,0,1,0,1,0,0,-1,-1,1,-1,0,0,-1,1,1,0,0,-1,1,1,-1,-1,1,1,0,0,0,-1,0,0,-1,-1,-1,-1,1,1,1,1,0,0,1,0,0,-1,0,0,1,1,0,1,1,0,-1,1,-1,0,0,-1,-1,0,-1,1,0,1,1,0,0,-1,1,-1,-1,1,0,1,1,1,-1,-1,-1,1,0,-1,0,1,-1,-1,1,1,0,0,0,-1,1,0,-1,1,-1,-1,-1,0,-1,1,0,1,-1,0,1,-1,1,1,0,1,1,1,-1,1,1,-1,0,0,0,1,0,-1,0,-1,1,-1,0,-1,0,-1,-1,-1,1,0,1,1,0,1,-1,1,0,0,1,0,0,0,-1,1,-1,1,1,1,0,-1,0,0,1,0,-1,-1,0,-1,1,0,0,0,0,0,1,0,-1,1,0,-1,-1,1,-1,1,0,-1,-1,-1,-1,1,0,-1,-1,0,-1,0,-1,1,1,0,1,-1,-1,-1,1,-1,0,-1,-1,-1,1,-1,-1,0,1,1,1,0,1,1,-1,0,0,-1,1,1,-1,0,1,-1,1,0,-1,-1,-1,0,-1,-1,0,0,-1,-1,1,-1,0,0,-1,1,1,-1,0,1,1,-1,1,0,0,1,0,-1,0,1,-1,-1,1,1,1,0,-1,-1,-1,0,-1,1,0,0,-1,1,1,1,1,0,0,-1,0,0,-1,0,0,-1,1,1,-1,-1,0,-1,-1,1,0,-1,-1,-1,1,1,0,-1,1,0,1,1,1,1,0,1,0,-1,1,0,-1,-1,1,-1,1,-1,0,1,-1,-1,-1,0,1,1,1,1,-1,0,0,1,-1,-1,0,1,1,1,0,1,0,0,1,-1,0,0,1,0,
pq_counter: 0
index_array of x_f_array_copy : 420,
x_f_array_copy: 0,0,0,0,0,0,0,0,0,0,0,0,0,0,0,0,0,0,0,0,0,0,0,0,0,0,0,0,0,0,0,0,0,0,0,0,0,0,0,0,0,0,0,0,0,0,0,0,0,0,0,0,0,0,0,0,0,0,0,0,0,0,0,0,0,0,0,0,0,0,0,0,0,0,0,0,0,0,0,0,0,0,0,0,0,0,0,0,0,0,0,0,0,0,0,0,0,0,0,0,0,0,0,0,0,0,0,0,0,0,0,0,0,0,0,0,0,0,0,0,0,0,0,0,0,0,0,0,0,0,0,0,0,0,0,0,0,0,0,0,0,0,0,0,0,0,0,0,0,0,0,0,0,0,0,0,0,0,0,0,0,0,0,0,0,0,0,0,0,0,0,0,0,0,0,0,0,0,0,0,0,0,0,0,0,0,0,0,0,0,0,0,0,0,0,0,0,0,0,0,0,0,0,0,0,0,0,0,0,0,0,0,0,0,0,0,0,0,0,0,0,0,0,0,0,0,0,0,0,0,0,0,0,0,0,0,0,0,0,0,0,0,0,0,0,0,0,0,0,0,0,0,0,0,0,0,0,0,0,0,0,0,0,0,0,0,0,0,0,0,0,0,0,0,0,0,0,0,0,0,0,0,0,0,0,0,0,0,0,0,0,0,0,0,0,0,0,0,0,0,0,0,0,0,0,0,0,0,0,0,0,0,0,0,0,0,0,0,0,0,0,0,0,0,0,0,0,0,0,0,0,0,0,0,0,0,0,0,0,0,0,0,0,0,0,0,0,0,0,0,0,0,0,0,0,0,0,0,0,0,0,0,0,0,0,0,0,0,0,0,0,0,0,0,0,0,0,0,0,0,0,0,0,0,0,0,0,0,0,0,0,0,0,0,0,0,0,0,0,0,0,0,0,0,0,0,0,0,0,0,0,0,0,0,0,0,0,0,0,0,1,0,0,0,0,0,0,0,0,0,0,0,0,0,0,0,0,0,0,0,0,0,0,0,0,0,0,0,0,0,0,0,0,0,0,0,0,0,0,0,0,0,0,0,0,0,0,0,0,0,0,0,0,0,0,0,0,0,0,0,0,0,0,0,0,0,0,0,0,0,0,0,0,0,0,0,0,0,0,0,0,0,0,0,0,0,0,0,0,0,0,0,0,0,0,0,0,0,0,0,0,0,0,0,0,0,0,0,0,0,0,0,0,0,0,0,0,0,0,0,0,0,0,0,0,0,0,0,0,0,0,0,0,0,0,0,0,0,0,0,0,0,0,0,0,0,0,0,0,0,0,0,0,0,0,0,0,0,0,0,0,0,0,0,0,0,0,0,0,0,0,0,0,0,0,0,0,0,0,0,0,0,0,0,0,0,0,0,0,0,0,0,0,0,0,0,0,0,0,0,0,0,0,0,0,0,0,0,0,0,0,0,0,0,0,0,0,0,0,0,0,0,0,0,0,0,0,0,0,0,0,0,0,
index_array of x_g_array_copy : 426,555,609,
x_g_array_copy: 0,0,0,0,0,0,0,0,0,0,0,0,0,0,0,0,0,0,0,0,0,0,0,0,0,0,0,0,0,0,0,0,0,0,0,0,0,0,0,0,0,0,0,0,0,0,0,0,0,0,0,0,0,0,0,0,0,0,0,0,0,0,0,0,0,0,0,0,0,0,0,0,0,0,0,0,0,0,0,0,0,0,0,0,0,0,0,0,0,0,0,0,0,0,0,0,0,0,0,0,0,0,0,0,0,0,0,0,0,0,0,0,0,0,0,0,0,0,0,0,0,0,0,0,0,0,0,0,0,0,0,0,0,0,0,0,0,0,0,0,0,0,0,0,0,0,0,0,0,0,0,0,0,0,0,0,0,0,0,0,0,0,0,0,0,0,0,0,0,0,0,0,0,0,0,0,0,0,0,0,0,0,0,0,0,0,0,0,0,0,0,0,0,0,0,0,0,0,0,0,0,0,0,0,0,0,0,0,0,0,0,0,0,0,0,0,0,0,0,0,0,0,0,0,0,0,0,0,0,0,0,0,0,0,0,0,0,0,0,0,0,0,0,0,0,0,0,0,0,0,0,0,0,0,0,0,0,0,0,0,0,0,0,0,0,0,0,0,0,0,0,0,0,0,0,0,0,0,0,0,0,0,0,0,0,0,0,0,0,0,0,0,0,0,0,0,0,0,0,0,0,0,0,0,0,0,0,0,0,0,0,0,0,0,0,0,0,0,0,0,0,0,0,0,0,0,0,0,0,0,0,0,0,0,0,0,0,0,0,0,0,0,0,0,0,0,0,0,0,0,0,0,0,0,0,0,0,0,0,0,0,0,0,0,0,0,0,0,0,0,0,0,0,0,0,0,0,0,0,0,0,0,0,0,0,0,0,0,0,0,0,0,0,0,0,0,0,0,0,0,0,0,0,0,0,0,0,0,0,0,0,0,0,0,0,0,0,0,0,0,0,0,0,0,0,0,1,0,0,0,0,0,0,0,0,0,0,0,0,0,0,0,0,0,0,0,0,0,0,0,0,0,0,0,0,0,0,0,0,0,0,0,0,0,0,0,0,0,0,0,0,0,0,0,0,0,0,0,0,0,0,0,0,0,0,0,0,0,0,0,0,0,0,0,0,0,0,0,0,0,0,0,0,0,0,0,0,0,0,0,0,0,0,0,0,0,0,0,0,0,0,0,0,0,0,0,0,0,0,0,0,0,0,0,0,0,0,0,0,0,0,0,0,0,0,0,0,0,0,0,0,0,0,0,0,1,0,0,0,0,0,0,0,0,0,0,0,0,0,0,0,0,0,0,0,0,0,0,0,0,0,0,0,0,0,0,0,0,0,0,0,0,0,0,0,0,0,0,0,0,0,0,0,0,0,0,0,0,0,1,0,0,0,0,0,0,0,0,0,0,0,0,0,0,0,0,0,0,0,0,0,0,0,0,0,0,0,0,0,0,0,0,0,0,0,0,0,0,0,0,0,0,0,
global_g: 1,-1,-1,1,1,1,-1,1,1,0,-1,-1,1,-1,1,1,1,-1,1,-1,0,1,0,-1,-1,1,0,0,0,1,-1,1,0,-1,0,1,1,0,0,1,0,0,1,1,1,1,1,1,1,1,1,1,1,0,1,0,-1,-1,-1,0,0,0,0,1,-1,0,0,-1,1,0,0,0,1,1,-1,1,1,-1,1,0,-1,-1,-1,-1,0,0,1,1,0,1,-1,0,-1,1,0,1,-1,0,-1,1,1,0,-1,0,-1,1,1,0,1,1,-1,-1,1,-1,-1,1,1,-1,0,-1,-1,-1,1,0,0,0,1,-1,1,0,0,0,1,1,1,-1,-1,0,0,1,-1,1,0,1,0,-1,0,-1,0,-1,-1,-1,0,1,1,-1,0,-1,0,0,1,1,0,-1,0,0,1,0,0,0,-1,0,1,1,-1,-1,0,1,1,-1,-1,-1,0,1,-1,0,1,0,1,-1,0,1,1,1,0,0,0,0,-1,1,1,1,0,0,-1,0,0,0,-1,0,-1,1,1,-1,0,1,0,1,-1,1,-1,-1,1,-1,1,0,0,-1,0,-1,0,1,0,1,0,0,1,1,1,0,-1,-1,0,1,1,-1,0,0,-1,1,-1,1,0,0,0,-1,-1,1,1,0,1,-1,0,0,-1,0,1,1,1,0,1,-1,1,1,-1,0,-1,1,1,1,0,1,1,1,1,-1,0,-1,0,-1,1,1,-1,0,-1,-1,1,-1,-1,1,-1,-1,-1,0,1,0,1,0,0,-1,-1,1,-1,0,0,-1,1,1,0,0,-1,1,1,-1,-1,1,1,0,0,0,-1,0,0,-1,-1,-1,-1,1,1,1,1,0,0,1,0,0,-1,0,0,1,1,0,1,1,0,-1,1,-1,0,0,-1,-1,0,-1,1,0,1,1,0,0,-1,1,-1,-1,1,0,1,1,1,-1,-1,-1,1,0,-1,0,1,-1,-1,1,1,0,0,0,-1,1,0,-1,1,-1,-1,-1,0,-1,1,0,1,-1,0,1,-1,1,1,0,1,1,1,-1,1,1,-1,0,0,0,1,0,-1,0,-1,1,-1,0,-1,0,-1,-1,-1,1,0,1,1,0,1,-1,1,0,0,1,0,0,0,-1,1,-1,1,1,1,0,-1,0,0,1,0,-1,-1,0,-1,1,0,0,0,0,0,1,0,-1,1,0,-1,-1,1,-1,1,0,-1,-1,-1,-1,1,0,-1,-1,0,-1,0,-1,1,1,0,1,-1,-1,-1,1,-1,0,-1,-1,-1,1,-1,-1,0,1,1,1,0,1,1,-1,0,0,-1,1,1,-1,0,1,-1,1,0,-1,-1,-1,0,-1,-1,0,0,-1,-1,1,-1,0,0,-1,1,1,-1,0,1,1,-1,1,0,0,1,0,-1,0,1,-1,-1,1,1,1,0,-1,-1,-1,0,-1,1,0,0,-1,1,1,1,1,0,0,-1,0,0,-1,0,0,-1,1,1,-1,-1,0,-1,-1,1,0,-1,-1,-1,1,1,0,-1,1,0,1,1,1,1,0,1,0,-1,1,0,-1,-1,1,-1,1,-1,0,1,-1,-1,-1,0,1,1,1,1,-1,0,0,1,-1,-1,0,1,1,1,0,1,0,0,1,-1,0,0,1,0,
pq_counter: 0
index_array of x_f_array_copy : 419,
x_f_array_copy: 0,0,0,0,0,0,0,0,0,0,0,0,0,0,0,0,0,0,0,0,0,0,0,0,0,0,0,0,0,0,0,0,0,0,0,0,0,0,0,0,0,0,0,0,0,0,0,0,0,0,0,0,0,0,0,0,0,0,0,0,0,0,0,0,0,0,0,0,0,0,0,0,0,0,0,0,0,0,0,0,0,0,0,0,0,0,0,0,0,0,0,0,0,0,0,0,0,0,0,0,0,0,0,0,0,0,0,0,0,0,0,0,0,0,0,0,0,0,0,0,0,0,0,0,0,0,0,0,0,0,0,0,0,0,0,0,0,0,0,0,0,0,0,0,0,0,0,0,0,0,0,0,0,0,0,0,0,0,0,0,0,0,0,0,0,0,0,0,0,0,0,0,0,0,0,0,0,0,0,0,0,0,0,0,0,0,0,0,0,0,0,0,0,0,0,0,0,0,0,0,0,0,0,0,0,0,0,0,0,0,0,0,0,0,0,0,0,0,0,0,0,0,0,0,0,0,0,0,0,0,0,0,0,0,0,0,0,0,0,0,0,0,0,0,0,0,0,0,0,0,0,0,0,0,0,0,0,0,0,0,0,0,0,0,0,0,0,0,0,0,0,0,0,0,0,0,0,0,0,0,0,0,0,0,0,0,0,0,0,0,0,0,0,0,0,0,0,0,0,0,0,0,0,0,0,0,0,0,0,0,0,0,0,0,0,0,0,0,0,0,0,0,0,0,0,0,0,0,0,0,0,0,0,0,0,0,0,0,0,0,0,0,0,0,0,0,0,0,0,0,0,0,0,0,0,0,0,0,0,0,0,0,0,0,0,0,0,0,0,0,0,0,0,0,0,0,0,0,0,0,0,0,0,0,0,0,0,0,0,0,0,0,0,0,0,0,0,0,0,0,0,0,0,0,0,0,0,0,0,0,0,0,0,0,0,0,0,0,0,1,0,0,0,0,0,0,0,0,0,0,0,0,0,0,0,0,0,0,0,0,0,0,0,0,0,0,0,0,0,0,0,0,0,0,0,0,0,0,0,0,0,0,0,0,0,0,0,0,0,0,0,0,0,0,0,0,0,0,0,0,0,0,0,0,0,0,0,0,0,0,0,0,0,0,0,0,0,0,0,0,0,0,0,0,0,0,0,0,0,0,0,0,0,0,0,0,0,0,0,0,0,0,0,0,0,0,0,0,0,0,0,0,0,0,0,0,0,0,0,0,0,0,0,0,0,0,0,0,0,0,0,0,0,0,0,0,0,0,0,0,0,0,0,0,0,0,0,0,0,0,0,0,0,0,0,0,0,0,0,0,0,0,0,0,0,0,0,0,0,0,0,0,0,0,0,0,0,0,0,0,0,0,0,0,0,0,0,0,0,0,0,0,0,0,0,0,0,0,0,0,0,0,0,0,0,0,0,0,0,0,0,0,0,0,0,0,0,0,0,0,0,0,0,0,0,0,0,0,0,0,0,0,0,
index_array of x_g_array_copy : 565,425,446,
x_g_array_copy: 0,0,0,0,0,0,0,0,0,0,0,0,0,0,0,0,0,0,0,0,0,0,0,0,0,0,0,0,0,0,0,0,0,0,0,0,0,0,0,0,0,0,0,0,0,0,0,0,0,0,0,0,0,0,0,0,0,0,0,0,0,0,0,0,0,0,0,0,0,0,0,0,0,0,0,0,0,0,0,0,0,0,0,0,0,0,0,0,0,0,0,0,0,0,0,0,0,0,0,0,0,0,0,0,0,0,0,0,0,0,0,0,0,0,0,0,0,0,0,0,0,0,0,0,0,0,0,0,0,0,0,0,0,0,0,0,0,0,0,0,0,0,0,0,0,0,0,0,0,0,0,0,0,0,0,0,0,0,0,0,0,0,0,0,0,0,0,0,0,0,0,0,0,0,0,0,0,0,0,0,0,0,0,0,0,0,0,0,0,0,0,0,0,0,0,0,0,0,0,0,0,0,0,0,0,0,0,0,0,0,0,0,0,0,0,0,0,0,0,0,0,0,0,0,0,0,0,0,0,0,0,0,0,0,0,0,0,0,0,0,0,0,0,0,0,0,0,0,0,0,0,0,0,0,0,0,0,0,0,0,0,0,0,0,0,0,0,0,0,0,0,0,0,0,0,0,0,0,0,0,0,0,0,0,0,0,0,0,0,0,0,0,0,0,0,0,0,0,0,0,0,0,0,0,0,0,0,0,0,0,0,0,0,0,0,0,0,0,0,0,0,0,0,0,0,0,0,0,0,0,0,0,0,0,0,0,0,0,0,0,0,0,0,0,0,0,0,0,0,0,0,0,0,0,0,0,0,0,0,0,0,0,0,0,0,0,0,0,0,0,0,0,0,0,0,0,0,0,0,0,0,0,0,0,0,0,0,0,0,0,0,0,0,0,0,0,0,0,0,0,0,0,0,0,0,0,0,0,0,0,0,0,0,0,0,0,0,0,0,0,0,0,0,0,0,1,0,0,0,0,0,0,0,0,0,0,0,0,0,0,0,0,0,0,0,0,1,0,0,0,0,0,0,0,0,0,0,0,0,0,0,0,0,0,0,0,0,0,0,0,0,0,0,0,0,0,0,0,0,0,0,0,0,0,0,0,0,0,0,0,0,0,0,0,0,0,0,0,0,0,0,0,0,0,0,0,0,0,0,0,0,0,0,0,0,0,0,0,0,0,0,0,0,0,0,0,0,0,0,0,0,0,0,0,0,0,0,0,0,0,0,0,0,0,0,0,0,0,0,0,0,0,0,0,0,0,0,0,0,0,0,0,0,0,0,1,0,0,0,0,0,0,0,0,0,0,0,0,0,0,0,0,0,0,0,0,0,0,0,0,0,0,0,0,0,0,0,0,0,0,0,0,0,0,0,0,0,0,0,0,0,0,0,0,0,0,0,0,0,0,0,0,0,0,0,0,0,0,0,0,0,0,0,0,0,0,0,0,0,0,0,0,0,0,0,0,0,0,0,0,0,0,0,
global_g: 1,-1,-1,1,1,1,-1,1,1,0,-1,-1,1,-1,1,1,1,-1,1,-1,0,1,0,-1,-1,1,0,0,0,1,-1,1,0,-1,0,1,1,0,0,1,0,0,1,1,1,1,1,1,1,1,1,1,1,0,1,0,-1,-1,-1,0,0,0,0,1,-1,0,0,-1,1,0,0,0,1,1,-1,1,1,-1,1,0,-1,-1,-1,-1,0,0,1,1,0,1,-1,0,-1,1,0,1,-1,0,-1,1,1,0,-1,0,-1,1,1,0,1,1,-1,-1,1,-1,-1,1,1,-1,0,-1,-1,-1,1,0,0,0,1,-1,1,0,0,0,1,1,1,-1,-1,0,0,1,-1,1,0,1,0,-1,0,-1,0,-1,-1,-1,0,1,1,-1,0,-1,0,0,1,1,0,-1,0,0,1,0,0,0,-1,0,1,1,-1,-1,0,1,1,-1,-1,-1,0,1,-1,0,1,0,1,-1,0,1,1,1,0,0,0,0,-1,1,1,1,0,0,-1,0,0,0,-1,0,-1,1,1,-1,0,1,0,1,-1,1,-1,-1,1,-1,1,0,0,-1,0,-1,0,1,0,1,0,0,1,1,1,0,-1,-1,0,1,1,-1,0,0,-1,1,-1,1,0,0,0,-1,-1,1,1,0,1,-1,0,0,-1,0,1,1,1,0,1,-1,1,1,-1,0,-1,1,1,1,0,1,1,1,1,-1,0,-1,0,-1,1,1,-1,0,-1,-1,1,-1,-1,1,-1,-1,-1,0,1,0,1,0,0,-1,-1,1,-1,0,0,-1,1,1,0,0,-1,1,1,-1,-1,1,1,0,0,0,-1,0,0,-1,-1,-1,-1,1,1,1,1,0,0,1,0,0,-1,0,0,1,1,0,1,1,0,-1,1,-1,0,0,-1,-1,0,-1,1,0,1,1,0,0,-1,1,-1,-1,1,0,1,1,1,-1,-1,-1,1,0,-1,0,1,-1,-1,1,1,0,0,0,-1,1,0,-1,1,-1,-1,-1,0,-1,1,0,1,-1,0,1,-1,1,1,0,1,1,1,-1,1,1,-1,0,0,0,1,0,-1,0,-1,1,-1,0,-1,0,-1,-1,-1,1,0,1,1,0,1,-1,1,0,0,1,0,0,0,-1,1,-1,1,1,1,0,-1,0,0,1,0,-1,-1,0,-1,1,0,0,0,0,0,1,0,-1,1,0,-1,-1,1,-1,1,0,-1,-1,-1,-1,1,0,-1,-1,0,-1,0,-1,1,1,0,1,-1,-1,-1,1,-1,0,-1,-1,-1,1,-1,-1,0,1,1,1,0,1,1,-1,0,0,-1,1,1,-1,0,1,-1,1,0,-1,-1,-1,0,-1,-1,0,0,-1,-1,1,-1,0,0,-1,1,1,-1,0,1,1,-1,1,0,0,1,0,-1,0,1,-1,-1,1,1,1,0,-1,-1,-1,0,-1,1,0,0,-1,1,1,1,1,0,0,-1,0,0,-1,0,0,-1,1,1,-1,-1,0,-1,-1,1,0,-1,-1,-1,1,1,0,-1,1,0,1,1,1,1,0,1,0,-1,1,0,-1,-1,1,-1,1,-1,0,1,-1,-1,-1,0,1,1,1,1,-1,0,0,1,-1,-1,0,1,1,1,0,1,0,0,1,-1,0,0,1,0,
pq_counter: 0
index_array of x_f_array_copy : 580,
x_f_array_copy: 0,0,0,0,0,0,0,0,0,0,0,0,0,0,0,0,0,0,0,0,0,0,0,0,0,0,0,0,0,0,0,0,0,0,0,0,0,0,0,0,0,0,0,0,0,0,0,0,0,0,0,0,0,0,0,0,0,0,0,0,0,0,0,0,0,0,0,0,0,0,0,0,0,0,0,0,0,0,0,0,0,0,0,0,0,0,0,0,0,0,0,0,0,0,0,0,0,0,0,0,0,0,0,0,0,0,0,0,0,0,0,0,0,0,0,0,0,0,0,0,0,0,0,0,0,0,0,0,0,0,0,0,0,0,0,0,0,0,0,0,0,0,0,0,0,0,0,0,0,0,0,0,0,0,0,0,0,0,0,0,0,0,0,0,0,0,0,0,0,0,0,0,0,0,0,0,0,0,0,0,0,0,0,0,0,0,0,0,0,0,0,0,0,0,0,0,0,0,0,0,0,0,0,0,0,0,0,0,0,0,0,0,0,0,0,0,0,0,0,0,0,0,0,0,0,0,0,0,0,0,0,0,0,0,0,0,0,0,0,0,0,0,0,0,0,0,0,0,0,0,0,0,0,0,0,0,0,0,0,0,0,0,0,0,0,0,0,0,0,0,0,0,0,0,0,0,0,0,0,0,0,0,0,0,0,0,0,0,0,0,0,0,0,0,0,0,0,0,0,0,0,0,0,0,0,0,0,0,0,0,0,0,0,0,0,0,0,0,0,0,0,0,0,0,0,0,0,0,0,0,0,0,0,0,0,0,0,0,0,0,0,0,0,0,0,0,0,0,0,0,0,0,0,0,0,0,0,0,0,0,0,0,0,0,0,0,0,0,0,0,0,0,0,0,0,0,0,0,0,0,0,0,0,0,0,0,0,0,0,0,0,0,0,0,0,0,0,0,0,0,0,0,0,0,0,0,0,0,0,0,0,0,0,0,0,0,0,0,0,0,0,0,0,0,0,0,0,0,0,0,0,0,0,0,0,0,0,0,0,0,0,0,0,0,0,0,0,0,0,0,0,0,0,0,0,0,0,0,0,0,0,0,0,0,0,0,0,0,0,0,0,0,0,0,0,0,0,0,0,0,0,0,0,0,0,0,0,0,0,0,0,0,0,0,0,0,0,0,0,0,0,0,0,0,0,0,0,0,0,0,0,0,0,0,0,0,0,0,0,0,0,0,0,0,0,0,0,0,0,0,0,0,0,0,0,0,0,0,0,0,0,0,0,0,0,0,0,0,0,0,0,0,0,0,0,0,0,0,0,0,0,0,0,0,0,0,0,0,0,0,0,0,0,0,0,0,0,0,0,0,1,0,0,0,0,0,0,0,0,0,0,0,0,0,0,0,0,0,0,0,0,0,0,0,0,0,0,0,0,0,0,0,0,0,0,0,0,0,0,0,0,0,0,0,0,0,0,0,0,0,0,0,0,0,0,0,0,0,0,0,0,0,0,0,0,0,0,0,0,0,0,0,0,
index_array of x_g_array_copy : 448,436,623,
x_g_array_copy: 0,0,0,0,0,0,0,0,0,0,0,0,0,0,0,0,0,0,0,0,0,0,0,0,0,0,0,0,0,0,0,0,0,0,0,0,0,0,0,0,0,0,0,0,0,0,0,0,0,0,0,0,0,0,0,0,0,0,0,0,0,0,0,0,0,0,0,0,0,0,0,0,0,0,0,0,0,0,0,0,0,0,0,0,0,0,0,0,0,0,0,0,0,0,0,0,0,0,0,0,0,0,0,0,0,0,0,0,0,0,0,0,0,0,0,0,0,0,0,0,0,0,0,0,0,0,0,0,0,0,0,0,0,0,0,0,0,0,0,0,0,0,0,0,0,0,0,0,0,0,0,0,0,0,0,0,0,0,0,0,0,0,0,0,0,0,0,0,0,0,0,0,0,0,0,0,0,0,0,0,0,0,0,0,0,0,0,0,0,0,0,0,0,0,0,0,0,0,0,0,0,0,0,0,0,0,0,0,0,0,0,0,0,0,0,0,0,0,0,0,0,0,0,0,0,0,0,0,0,0,0,0,0,0,0,0,0,0,0,0,0,0,0,0,0,0,0,0,0,0,0,0,0,0,0,0,0,0,0,0,0,0,0,0,0,0,0,0,0,0,0,0,0,0,0,0,0,0,0,0,0,0,0,0,0,0,0,0,0,0,0,0,0,0,0,0,0,0,0,0,0,0,0,0,0,0,0,0,0,0,0,0,0,0,0,0,0,0,0,0,0,0,0,0,0,0,0,0,0,0,0,0,0,0,0,0,0,0,0,0,0,0,0,0,0,0,0,0,0,0,0,0,0,0,0,0,0,0,0,0,0,0,0,0,0,0,0,0,0,0,0,0,0,0,0,0,0,0,0,0,0,0,0,0,0,0,0,0,0,0,0,0,0,0,0,0,0,0,0,0,0,0,0,0,0,0,0,0,0,0,0,0,0,0,0,0,0,0,0,0,0,0,0,0,0,0,0,0,0,0,0,0,0,0,0,0,1,0,0,0,0,0,0,0,0,0,0,0,1,0,0,0,0,0,0,0,0,0,0,0,0,0,0,0,0,0,0,0,0,0,0,0,0,0,0,0,0,0,0,0,0,0,0,0,0,0,0,0,0,0,0,0,0,0,0,0,0,0,0,0,0,0,0,0,0,0,0,0,0,0,0,0,0,0,0,0,0,0,0,0,0,0,0,0,0,0,0,0,0,0,0,0,0,0,0,0,0,0,0,0,0,0,0,0,0,0,0,0,0,0,0,0,0,0,0,0,0,0,0,0,0,0,0,0,0,0,0,0,0,0,0,0,0,0,0,0,0,0,0,0,0,0,0,0,0,0,0,0,0,0,0,0,0,0,0,0,0,0,0,0,0,0,0,0,0,0,0,0,0,0,0,0,0,0,0,0,0,0,0,0,0,0,0,1,0,0,0,0,0,0,0,0,0,0,0,0,0,0,0,0,0,0,0,0,0,0,0,0,0,0,0,0,0,
global_g: 1,-1,-1,1,1,1,-1,1,1,0,-1,-1,1,-1,1,1,1,-1,1,-1,0,1,0,-1,-1,1,0,0,0,1,-1,1,0,-1,0,1,1,0,0,1,0,0,1,1,1,1,1,1,1,1,1,1,1,0,1,0,-1,-1,-1,0,0,0,0,1,-1,0,0,-1,1,0,0,0,1,1,-1,1,1,-1,1,0,-1,-1,-1,-1,0,0,1,1,0,1,-1,0,-1,1,0,1,-1,0,-1,1,1,0,-1,0,-1,1,1,0,1,1,-1,-1,1,-1,-1,1,1,-1,0,-1,-1,-1,1,0,0,0,1,-1,1,0,0,0,1,1,1,-1,-1,0,0,1,-1,1,0,1,0,-1,0,-1,0,-1,-1,-1,0,1,1,-1,0,-1,0,0,1,1,0,-1,0,0,1,0,0,0,-1,0,1,1,-1,-1,0,1,1,-1,-1,-1,0,1,-1,0,1,0,1,-1,0,1,1,1,0,0,0,0,-1,1,1,1,0,0,-1,0,0,0,-1,0,-1,1,1,-1,0,1,0,1,-1,1,-1,-1,1,-1,1,0,0,-1,0,-1,0,1,0,1,0,0,1,1,1,0,-1,-1,0,1,1,-1,0,0,-1,1,-1,1,0,0,0,-1,-1,1,1,0,1,-1,0,0,-1,0,1,1,1,0,1,-1,1,1,-1,0,-1,1,1,1,0,1,1,1,1,-1,0,-1,0,-1,1,1,-1,0,-1,-1,1,-1,-1,1,-1,-1,-1,0,1,0,1,0,0,-1,-1,1,-1,0,0,-1,1,1,0,0,-1,1,1,-1,-1,1,1,0,0,0,-1,0,0,-1,-1,-1,-1,1,1,1,1,0,0,1,0,0,-1,0,0,1,1,0,1,1,0,-1,1,-1,0,0,-1,-1,0,-1,1,0,1,1,0,0,-1,1,-1,-1,1,0,1,1,1,-1,-1,-1,1,0,-1,0,1,-1,-1,1,1,0,0,0,-1,1,0,-1,1,-1,-1,-1,0,-1,1,0,1,-1,0,1,-1,1,1,0,1,1,1,-1,1,1,-1,0,0,0,1,0,-1,0,-1,1,-1,0,-1,0,-1,-1,-1,1,0,1,1,0,1,-1,1,0,0,1,0,0,0,-1,1,-1,1,1,1,0,-1,0,0,1,0,-1,-1,0,-1,1,0,0,0,0,0,1,0,-1,1,0,-1,-1,1,-1,1,0,-1,-1,-1,-1,1,0,-1,-1,0,-1,0,-1,1,1,0,1,-1,-1,-1,1,-1,0,-1,-1,-1,1,-1,-1,0,1,1,1,0,1,1,-1,0,0,-1,1,1,-1,0,1,-1,1,0,-1,-1,-1,0,-1,-1,0,0,-1,-1,1,-1,0,0,-1,1,1,-1,0,1,1,-1,1,0,0,1,0,-1,0,1,-1,-1,1,1,1,0,-1,-1,-1,0,-1,1,0,0,-1,1,1,1,1,0,0,-1,0,0,-1,0,0,-1,1,1,-1,-1,0,-1,-1,1,0,-1,-1,-1,1,1,0,-1,1,0,1,1,1,1,0,1,0,-1,1,0,-1,-1,1,-1,1,-1,0,1,-1,-1,-1,0,1,1,1,1,-1,0,0,1,-1,-1,0,1,1,1,0,1,0,0,1,-1,0,0,1,0,
pq_counter: 0
index_array of x_f_array_copy : 407,
x_f_array_copy: 0,0,0,0,0,0,0,0,0,0,0,0,0,0,0,0,0,0,0,0,0,0,0,0,0,0,0,0,0,0,0,0,0,0,0,0,0,0,0,0,0,0,0,0,0,0,0,0,0,0,0,0,0,0,0,0,0,0,0,0,0,0,0,0,0,0,0,0,0,0,0,0,0,0,0,0,0,0,0,0,0,0,0,0,0,0,0,0,0,0,0,0,0,0,0,0,0,0,0,0,0,0,0,0,0,0,0,0,0,0,0,0,0,0,0,0,0,0,0,0,0,0,0,0,0,0,0,0,0,0,0,0,0,0,0,0,0,0,0,0,0,0,0,0,0,0,0,0,0,0,0,0,0,0,0,0,0,0,0,0,0,0,0,0,0,0,0,0,0,0,0,0,0,0,0,0,0,0,0,0,0,0,0,0,0,0,0,0,0,0,0,0,0,0,0,0,0,0,0,0,0,0,0,0,0,0,0,0,0,0,0,0,0,0,0,0,0,0,0,0,0,0,0,0,0,0,0,0,0,0,0,0,0,0,0,0,0,0,0,0,0,0,0,0,0,0,0,0,0,0,0,0,0,0,0,0,0,0,0,0,0,0,0,0,0,0,0,0,0,0,0,0,0,0,0,0,0,0,0,0,0,0,0,0,0,0,0,0,0,0,0,0,0,0,0,0,0,0,0,0,0,0,0,0,0,0,0,0,0,0,0,0,0,0,0,0,0,0,0,0,0,0,0,0,0,0,0,0,0,0,0,0,0,0,0,0,0,0,0,0,0,0,0,0,0,0,0,0,0,0,0,0,0,0,0,0,0,0,0,0,0,0,0,0,0,0,0,0,0,0,0,0,0,0,0,0,0,0,0,0,0,0,0,0,0,0,0,0,0,0,0,0,0,0,0,0,0,0,0,0,0,0,0,0,0,0,0,1,0,0,0,0,0,0,0,0,0,0,0,0,0,0,0,0,0,0,0,0,0,0,0,0,0,0,0,0,0,0,0,0,0,0,0,0,0,0,0,0,0,0,0,0,0,0,0,0,0,0,0,0,0,0,0,0,0,0,0,0,0,0,0,0,0,0,0,0,0,0,0,0,0,0,0,0,0,0,0,0,0,0,0,0,0,0,0,0,0,0,0,0,0,0,0,0,0,0,0,0,0,0,0,0,0,0,0,0,0,0,0,0,0,0,0,0,0,0,0,0,0,0,0,0,0,0,0,0,0,0,0,0,0,0,0,0,0,0,0,0,0,0,0,0,0,0,0,0,0,0,0,0,0,0,0,0,0,0,0,0,0,0,0,0,0,0,0,0,0,0,0,0,0,0,0,0,0,0,0,0,0,0,0,0,0,0,0,0,0,0,0,0,0,0,0,0,0,0,0,0,0,0,0,0,0,0,0,0,0,0,0,0,0,0,0,0,0,0,0,0,0,0,0,0,0,0,0,0,0,0,0,0,0,0,0,0,0,0,0,0,0,0,0,0,0,
index_array of x_g_array_copy : 430,629,616,
x_g_array_copy: 0,0,0,0,0,0,0,0,0,0,0,0,0,0,0,0,0,0,0,0,0,0,0,0,0,0,0,0,0,0,0,0,0,0,0,0,0,0,0,0,0,0,0,0,0,0,0,0,0,0,0,0,0,0,0,0,0,0,0,0,0,0,0,0,0,0,0,0,0,0,0,0,0,0,0,0,0,0,0,0,0,0,0,0,0,0,0,0,0,0,0,0,0,0,0,0,0,0,0,0,0,0,0,0,0,0,0,0,0,0,0,0,0,0,0,0,0,0,0,0,0,0,0,0,0,0,0,0,0,0,0,0,0,0,0,0,0,0,0,0,0,0,0,0,0,0,0,0,0,0,0,0,0,0,0,0,0,0,0,0,0,0,0,0,0,0,0,0,0,0,0,0,0,0,0,0,0,0,0,0,0,0,0,0,0,0,0,0,0,0,0,0,0,0,0,0,0,0,0,0,0,0,0,0,0,0,0,0,0,0,0,0,0,0,0,0,0,0,0,0,0,0,0,0,0,0,0,0,0,0,0,0,0,0,0,0,0,0,0,0,0,0,0,0,0,0,0,0,0,0,0,0,0,0,0,0,0,0,0,0,0,0,0,0,0,0,0,0,0,0,0,0,0,0,0,0,0,0,0,0,0,0,0,0,0,0,0,0,0,0,0,0,0,0,0,0,0,0,0,0,0,0,0,0,0,0,0,0,0,0,0,0,0,0,0,0,0,0,0,0,0,0,0,0,0,0,0,0,0,0,0,0,0,0,0,0,0,0,0,0,0,0,0,0,0,0,0,0,0,0,0,0,0,0,0,0,0,0,0,0,0,0,0,0,0,0,0,0,0,0,0,0,0,0,0,0,0,0,0,0,0,0,0,0,0,0,0,0,0,0,0,0,0,0,0,0,0,0,0,0,0,0,0,0,0,0,0,0,0,0,0,0,0,0,0,0,0,0,0,0,0,0,0,0,0,0,0,0,0,0,1,0,0,0,0,0,0,0,0,0,0,0,0,0,0,0,0,0,0,0,0,0,0,0,0,0,0,0,0,0,0,0,0,0,0,0,0,0,0,0,0,0,0,0,0,0,0,0,0,0,0,0,0,0,0,0,0,0,0,0,0,0,0,0,0,0,0,0,0,0,0,0,0,0,0,0,0,0,0,0,0,0,0,0,0,0,0,0,0,0,0,0,0,0,0,0,0,0,0,0,0,0,0,0,0,0,0,0,0,0,0,0,0,0,0,0,0,0,0,0,0,0,0,0,0,0,0,0,0,0,0,0,0,0,0,0,0,0,0,0,0,0,0,0,0,0,0,0,0,0,0,0,0,0,0,0,0,0,0,0,0,0,0,0,0,0,0,0,0,0,0,0,0,0,0,0,0,0,0,0,0,0,0,0,0,0,1,0,0,0,0,0,0,0,0,0,0,0,0,1,0,0,0,0,0,0,0,0,0,0,0,0,0,0,0,0,0,0,0,0,0,0,0,
global_g: 1,-1,-1,1,1,1,-1,1,1,0,-1,-1,1,-1,1,1,1,-1,1,-1,0,1,0,-1,-1,1,0,0,0,1,-1,1,0,-1,0,1,1,0,0,1,0,0,1,1,1,1,1,1,1,1,1,1,1,0,1,0,-1,-1,-1,0,0,0,0,1,-1,0,0,-1,1,0,0,0,1,1,-1,1,1,-1,1,0,-1,-1,-1,-1,0,0,1,1,0,1,-1,0,-1,1,0,1,-1,0,-1,1,1,0,-1,0,-1,1,1,0,1,1,-1,-1,1,-1,-1,1,1,-1,0,-1,-1,-1,1,0,0,0,1,-1,1,0,0,0,1,1,1,-1,-1,0,0,1,-1,1,0,1,0,-1,0,-1,0,-1,-1,-1,0,1,1,-1,0,-1,0,0,1,1,0,-1,0,0,1,0,0,0,-1,0,1,1,-1,-1,0,1,1,-1,-1,-1,0,1,-1,0,1,0,1,-1,0,1,1,1,0,0,0,0,-1,1,1,1,0,0,-1,0,0,0,-1,0,-1,1,1,-1,0,1,0,1,-1,1,-1,-1,1,-1,1,0,0,-1,0,-1,0,1,0,1,0,0,1,1,1,0,-1,-1,0,1,1,-1,0,0,-1,1,-1,1,0,0,0,-1,-1,1,1,0,1,-1,0,0,-1,0,1,1,1,0,1,-1,1,1,-1,0,-1,1,1,1,0,1,1,1,1,-1,0,-1,0,-1,1,1,-1,0,-1,-1,1,-1,-1,1,-1,-1,-1,0,1,0,1,0,0,-1,-1,1,-1,0,0,-1,1,1,0,0,-1,1,1,-1,-1,1,1,0,0,0,-1,0,0,-1,-1,-1,-1,1,1,1,1,0,0,1,0,0,-1,0,0,1,1,0,1,1,0,-1,1,-1,0,0,-1,-1,0,-1,1,0,1,1,0,0,-1,1,-1,-1,1,0,1,1,1,-1,-1,-1,1,0,-1,0,1,-1,-1,1,1,0,0,0,-1,1,0,-1,1,-1,-1,-1,0,-1,1,0,1,-1,0,1,-1,1,1,0,1,1,1,-1,1,1,-1,0,0,0,1,0,-1,0,-1,1,-1,0,-1,0,-1,-1,-1,1,0,1,1,0,1,-1,1,0,0,1,0,0,0,-1,1,-1,1,1,1,0,-1,0,0,1,0,-1,-1,0,-1,1,0,0,0,0,0,1,0,-1,1,0,-1,-1,1,-1,1,0,-1,-1,-1,-1,1,0,-1,-1,0,-1,0,-1,1,1,0,1,-1,-1,-1,1,-1,0,-1,-1,-1,1,-1,-1,0,1,1,1,0,1,1,-1,0,0,-1,1,1,-1,0,1,-1,1,0,-1,-1,-1,0,-1,-1,0,0,-1,-1,1,-1,0,0,-1,1,1,-1,0,1,1,-1,1,0,0,1,0,-1,0,1,-1,-1,1,1,1,0,-1,-1,-1,0,-1,1,0,0,-1,1,1,1,1,0,0,-1,0,0,-1,0,0,-1,1,1,-1,-1,0,-1,-1,1,0,-1,-1,-1,1,1,0,-1,1,0,1,1,1,1,0,1,0,-1,1,0,-1,-1,1,-1,1,-1,0,1,-1,-1,-1,0,1,1,1,1,-1,0,0,1,-1,-1,0,1,1,1,0,1,0,0,1,-1,0,0,1,0,
pq_counter: 0
index_array of x_f_array_copy : 600,
x_f_array_copy: 0,0,0,0,0,0,0,0,0,0,0,0,0,0,0,0,0,0,0,0,0,0,0,0,0,0,0,0,0,0,0,0,0,0,0,0,0,0,0,0,0,0,0,0,0,0,0,0,0,0,0,0,0,0,0,0,0,0,0,0,0,0,0,0,0,0,0,0,0,0,0,0,0,0,0,0,0,0,0,0,0,0,0,0,0,0,0,0,0,0,0,0,0,0,0,0,0,0,0,0,0,0,0,0,0,0,0,0,0,0,0,0,0,0,0,0,0,0,0,0,0,0,0,0,0,0,0,0,0,0,0,0,0,0,0,0,0,0,0,0,0,0,0,0,0,0,0,0,0,0,0,0,0,0,0,0,0,0,0,0,0,0,0,0,0,0,0,0,0,0,0,0,0,0,0,0,0,0,0,0,0,0,0,0,0,0,0,0,0,0,0,0,0,0,0,0,0,0,0,0,0,0,0,0,0,0,0,0,0,0,0,0,0,0,0,0,0,0,0,0,0,0,0,0,0,0,0,0,0,0,0,0,0,0,0,0,0,0,0,0,0,0,0,0,0,0,0,0,0,0,0,0,0,0,0,0,0,0,0,0,0,0,0,0,0,0,0,0,0,0,0,0,0,0,0,0,0,0,0,0,0,0,0,0,0,0,0,0,0,0,0,0,0,0,0,0,0,0,0,0,0,0,0,0,0,0,0,0,0,0,0,0,0,0,0,0,0,0,0,0,0,0,0,0,0,0,0,0,0,0,0,0,0,0,0,0,0,0,0,0,0,0,0,0,0,0,0,0,0,0,0,0,0,0,0,0,0,0,0,0,0,0,0,0,0,0,0,0,0,0,0,0,0,0,0,0,0,0,0,0,0,0,0,0,0,0,0,0,0,0,0,0,0,0,0,0,0,0,0,0,0,0,0,0,0,0,0,0,0,0,0,0,0,0,0,0,0,0,0,0,0,0,0,0,0,0,0,0,0,0,0,0,0,0,0,0,0,0,0,0,0,0,0,0,0,0,0,0,0,0,0,0,0,0,0,0,0,0,0,0,0,0,0,0,0,0,0,0,0,0,0,0,0,0,0,0,0,0,0,0,0,0,0,0,0,0,0,0,0,0,0,0,0,0,0,0,0,0,0,0,0,0,0,0,0,0,0,0,0,0,0,0,0,0,0,0,0,0,0,0,0,0,0,0,0,0,0,0,0,0,0,0,0,0,0,0,0,0,0,0,0,0,0,0,0,0,0,0,0,0,0,0,0,0,0,0,0,0,0,0,0,0,0,0,0,0,0,0,0,0,0,0,0,0,0,0,0,0,0,0,0,0,0,0,0,0,0,0,0,0,0,0,0,0,0,0,0,0,0,0,1,0,0,0,0,0,0,0,0,0,0,0,0,0,0,0,0,0,0,0,0,0,0,0,0,0,0,0,0,0,0,0,0,0,0,0,0,0,0,0,0,0,0,0,0,0,0,0,0,0,0,0,0,
index_array of x_g_array_copy : 482,633,520,
x_g_array_copy: 0,0,0,0,0,0,0,0,0,0,0,0,0,0,0,0,0,0,0,0,0,0,0,0,0,0,0,0,0,0,0,0,0,0,0,0,0,0,0,0,0,0,0,0,0,0,0,0,0,0,0,0,0,0,0,0,0,0,0,0,0,0,0,0,0,0,0,0,0,0,0,0,0,0,0,0,0,0,0,0,0,0,0,0,0,0,0,0,0,0,0,0,0,0,0,0,0,0,0,0,0,0,0,0,0,0,0,0,0,0,0,0,0,0,0,0,0,0,0,0,0,0,0,0,0,0,0,0,0,0,0,0,0,0,0,0,0,0,0,0,0,0,0,0,0,0,0,0,0,0,0,0,0,0,0,0,0,0,0,0,0,0,0,0,0,0,0,0,0,0,0,0,0,0,0,0,0,0,0,0,0,0,0,0,0,0,0,0,0,0,0,0,0,0,0,0,0,0,0,0,0,0,0,0,0,0,0,0,0,0,0,0,0,0,0,0,0,0,0,0,0,0,0,0,0,0,0,0,0,0,0,0,0,0,0,0,0,0,0,0,0,0,0,0,0,0,0,0,0,0,0,0,0,0,0,0,0,0,0,0,0,0,0,0,0,0,0,0,0,0,0,0,0,0,0,0,0,0,0,0,0,0,0,0,0,0,0,0,0,0,0,0,0,0,0,0,0,0,0,0,0,0,0,0,0,0,0,0,0,0,0,0,0,0,0,0,0,0,0,0,0,0,0,0,0,0,0,0,0,0,0,0,0,0,0,0,0,0,0,0,0,0,0,0,0,0,0,0,0,0,0,0,0,0,0,0,0,0,0,0,0,0,0,0,0,0,0,0,0,0,0,0,0,0,0,0,0,0,0,0,0,0,0,0,0,0,0,0,0,0,0,0,0,0,0,0,0,0,0,0,0,0,0,0,0,0,0,0,0,0,0,0,0,0,0,0,0,0,0,0,0,0,0,0,0,0,0,0,0,0,0,0,0,0,0,0,0,0,0,0,0,0,0,0,0,0,0,0,0,0,0,0,0,0,0,0,0,0,0,0,0,0,0,0,0,0,0,0,0,0,0,0,0,0,0,0,0,0,0,0,0,0,1,0,0,0,0,0,0,0,0,0,0,0,0,0,0,0,0,0,0,0,0,0,0,0,0,0,0,0,0,0,0,0,0,0,0,0,0,0,1,0,0,0,0,0,0,0,0,0,0,0,0,0,0,0,0,0,0,0,0,0,0,0,0,0,0,0,0,0,0,0,0,0,0,0,0,0,0,0,0,0,0,0,0,0,0,0,0,0,0,0,0,0,0,0,0,0,0,0,0,0,0,0,0,0,0,0,0,0,0,0,0,0,0,0,0,0,0,0,0,0,0,0,0,0,0,0,0,0,0,0,0,0,0,0,0,0,0,0,0,0,0,0,0,0,0,0,0,0,0,0,0,1,0,0,0,0,0,0,0,0,0,0,0,0,0,0,0,0,0,0,0,
global_g: 1,-1,-1,1,1,1,-1,1,1,0,-1,-1,1,-1,1,1,1,-1,1,-1,0,1,0,-1,-1,1,0,0,0,1,-1,1,0,-1,0,1,1,0,0,1,0,0,1,1,1,1,1,1,1,1,1,1,1,0,1,0,-1,-1,-1,0,0,0,0,1,-1,0,0,-1,1,0,0,0,1,1,-1,1,1,-1,1,0,-1,-1,-1,-1,0,0,1,1,0,1,-1,0,-1,1,0,1,-1,0,-1,1,1,0,-1,0,-1,1,1,0,1,1,-1,-1,1,-1,-1,1,1,-1,0,-1,-1,-1,1,0,0,0,1,-1,1,0,0,0,1,1,1,-1,-1,0,0,1,-1,1,0,1,0,-1,0,-1,0,-1,-1,-1,0,1,1,-1,0,-1,0,0,1,1,0,-1,0,0,1,0,0,0,-1,0,1,1,-1,-1,0,1,1,-1,-1,-1,0,1,-1,0,1,0,1,-1,0,1,1,1,0,0,0,0,-1,1,1,1,0,0,-1,0,0,0,-1,0,-1,1,1,-1,0,1,0,1,-1,1,-1,-1,1,-1,1,0,0,-1,0,-1,0,1,0,1,0,0,1,1,1,0,-1,-1,0,1,1,-1,0,0,-1,1,-1,1,0,0,0,-1,-1,1,1,0,1,-1,0,0,-1,0,1,1,1,0,1,-1,1,1,-1,0,-1,1,1,1,0,1,1,1,1,-1,0,-1,0,-1,1,1,-1,0,-1,-1,1,-1,-1,1,-1,-1,-1,0,1,0,1,0,0,-1,-1,1,-1,0,0,-1,1,1,0,0,-1,1,1,-1,-1,1,1,0,0,0,-1,0,0,-1,-1,-1,-1,1,1,1,1,0,0,1,0,0,-1,0,0,1,1,0,1,1,0,-1,1,-1,0,0,-1,-1,0,-1,1,0,1,1,0,0,-1,1,-1,-1,1,0,1,1,1,-1,-1,-1,1,0,-1,0,1,-1,-1,1,1,0,0,0,-1,1,0,-1,1,-1,-1,-1,0,-1,1,0,1,-1,0,1,-1,1,1,0,1,1,1,-1,1,1,-1,0,0,0,1,0,-1,0,-1,1,-1,0,-1,0,-1,-1,-1,1,0,1,1,0,1,-1,1,0,0,1,0,0,0,-1,1,-1,1,1,1,0,-1,0,0,1,0,-1,-1,0,-1,1,0,0,0,0,0,1,0,-1,1,0,-1,-1,1,-1,1,0,-1,-1,-1,-1,1,0,-1,-1,0,-1,0,-1,1,1,0,1,-1,-1,-1,1,-1,0,-1,-1,-1,1,-1,-1,0,1,1,1,0,1,1,-1,0,0,-1,1,1,-1,0,1,-1,1,0,-1,-1,-1,0,-1,-1,0,0,-1,-1,1,-1,0,0,-1,1,1,-1,0,1,1,-1,1,0,0,1,0,-1,0,1,-1,-1,1,1,1,0,-1,-1,-1,0,-1,1,0,0,-1,1,1,1,1,0,0,-1,0,0,-1,0,0,-1,1,1,-1,-1,0,-1,-1,1,0,-1,-1,-1,1,1,0,-1,1,0,1,1,1,1,0,1,0,-1,1,0,-1,-1,1,-1,1,-1,0,1,-1,-1,-1,0,1,1,1,1,-1,0,0,1,-1,-1,0,1,1,1,0,1,0,0,1,-1,0,0,1,0,
pq_counter: 0
index_array of x_f_array_copy : 514,
x_f_array_copy: 0,0,0,0,0,0,0,0,0,0,0,0,0,0,0,0,0,0,0,0,0,0,0,0,0,0,0,0,0,0,0,0,0,0,0,0,0,0,0,0,0,0,0,0,0,0,0,0,0,0,0,0,0,0,0,0,0,0,0,0,0,0,0,0,0,0,0,0,0,0,0,0,0,0,0,0,0,0,0,0,0,0,0,0,0,0,0,0,0,0,0,0,0,0,0,0,0,0,0,0,0,0,0,0,0,0,0,0,0,0,0,0,0,0,0,0,0,0,0,0,0,0,0,0,0,0,0,0,0,0,0,0,0,0,0,0,0,0,0,0,0,0,0,0,0,0,0,0,0,0,0,0,0,0,0,0,0,0,0,0,0,0,0,0,0,0,0,0,0,0,0,0,0,0,0,0,0,0,0,0,0,0,0,0,0,0,0,0,0,0,0,0,0,0,0,0,0,0,0,0,0,0,0,0,0,0,0,0,0,0,0,0,0,0,0,0,0,0,0,0,0,0,0,0,0,0,0,0,0,0,0,0,0,0,0,0,0,0,0,0,0,0,0,0,0,0,0,0,0,0,0,0,0,0,0,0,0,0,0,0,0,0,0,0,0,0,0,0,0,0,0,0,0,0,0,0,0,0,0,0,0,0,0,0,0,0,0,0,0,0,0,0,0,0,0,0,0,0,0,0,0,0,0,0,0,0,0,0,0,0,0,0,0,0,0,0,0,0,0,0,0,0,0,0,0,0,0,0,0,0,0,0,0,0,0,0,0,0,0,0,0,0,0,0,0,0,0,0,0,0,0,0,0,0,0,0,0,0,0,0,0,0,0,0,0,0,0,0,0,0,0,0,0,0,0,0,0,0,0,0,0,0,0,0,0,0,0,0,0,0,0,0,0,0,0,0,0,0,0,0,0,0,0,0,0,0,0,0,0,0,0,0,0,0,0,0,0,0,0,0,0,0,0,0,0,0,0,0,0,0,0,0,0,0,0,0,0,0,0,0,0,0,0,0,0,0,0,0,0,0,0,0,0,0,0,0,0,0,0,0,0,0,0,0,0,0,0,0,0,0,0,0,0,0,0,0,0,0,0,0,0,0,0,0,0,0,0,0,0,0,0,0,0,0,0,0,0,0,0,0,0,0,0,0,0,0,0,0,0,0,0,0,0,0,1,0,0,0,0,0,0,0,0,0,0,0,0,0,0,0,0,0,0,0,0,0,0,0,0,0,0,0,0,0,0,0,0,0,0,0,0,0,0,0,0,0,0,0,0,0,0,0,0,0,0,0,0,0,0,0,0,0,0,0,0,0,0,0,0,0,0,0,0,0,0,0,0,0,0,0,0,0,0,0,0,0,0,0,0,0,0,0,0,0,0,0,0,0,0,0,0,0,0,0,0,0,0,0,0,0,0,0,0,0,0,0,0,0,0,0,0,0,0,0,0,0,0,0,0,0,0,0,0,0,0,0,0,0,0,0,0,0,0,
index_array of x_g_array_copy : 638,560,549,
x_g_array_copy: 0,0,0,0,0,0,0,0,0,0,0,0,0,0,0,0,0,0,0,0,0,0,0,0,0,0,0,0,0,0,0,0,0,0,0,0,0,0,0,0,0,0,0,0,0,0,0,0,0,0,0,0,0,0,0,0,0,0,0,0,0,0,0,0,0,0,0,0,0,0,0,0,0,0,0,0,0,0,0,0,0,0,0,0,0,0,0,0,0,0,0,0,0,0,0,0,0,0,0,0,0,0,0,0,0,0,0,0,0,0,0,0,0,0,0,0,0,0,0,0,0,0,0,0,0,0,0,0,0,0,0,0,0,0,0,0,0,0,0,0,0,0,0,0,0,0,0,0,0,0,0,0,0,0,0,0,0,0,0,0,0,0,0,0,0,0,0,0,0,0,0,0,0,0,0,0,0,0,0,0,0,0,0,0,0,0,0,0,0,0,0,0,0,0,0,0,0,0,0,0,0,0,0,0,0,0,0,0,0,0,0,0,0,0,0,0,0,0,0,0,0,0,0,0,0,0,0,0,0,0,0,0,0,0,0,0,0,0,0,0,0,0,0,0,0,0,0,0,0,0,0,0,0,0,0,0,0,0,0,0,0,0,0,0,0,0,0,0,0,0,0,0,0,0,0,0,0,0,0,0,0,0,0,0,0,0,0,0,0,0,0,0,0,0,0,0,0,0,0,0,0,0,0,0,0,0,0,0,0,0,0,0,0,0,0,0,0,0,0,0,0,0,0,0,0,0,0,0,0,0,0,0,0,0,0,0,0,0,0,0,0,0,0,0,0,0,0,0,0,0,0,0,0,0,0,0,0,0,0,0,0,0,0,0,0,0,0,0,0,0,0,0,0,0,0,0,0,0,0,0,0,0,0,0,0,0,0,0,0,0,0,0,0,0,0,0,0,0,0,0,0,0,0,0,0,0,0,0,0,0,0,0,0,0,0,0,0,0,0,0,0,0,0,0,0,0,0,0,0,0,0,0,0,0,0,0,0,0,0,0,0,0,0,0,0,0,0,0,0,0,0,0,0,0,0,0,0,0,0,0,0,0,0,0,0,0,0,0,0,0,0,0,0,0,0,0,0,0,0,0,0,0,0,0,0,0,0,0,0,0,0,0,0,0,0,0,0,0,0,0,0,0,0,0,0,0,0,0,0,0,0,0,0,0,0,0,0,0,0,0,0,0,0,0,0,0,0,0,0,0,0,0,0,0,0,0,0,0,0,0,0,0,0,0,0,0,0,0,0,1,0,0,0,0,0,0,0,0,0,0,1,0,0,0,0,0,0,0,0,0,0,0,0,0,0,0,0,0,0,0,0,0,0,0,0,0,0,0,0,0,0,0,0,0,0,0,0,0,0,0,0,0,0,0,0,0,0,0,0,0,0,0,0,0,0,0,0,0,0,0,0,0,0,0,0,0,0,0,0,0,0,0,0,0,0,0,0,0,1,0,0,0,0,0,0,0,0,0,0,0,0,0,0,
global_g: 1,-1,-1,1,1,1,-1,1,1,0,-1,-1,1,-1,1,1,1,-1,1,-1,0,1,0,-1,-1,1,0,0,0,1,-1,1,0,-1,0,1,1,0,0,1,0,0,1,1,1,1,1,1,1,1,1,1,1,0,1,0,-1,-1,-1,0,0,0,0,1,-1,0,0,-1,1,0,0,0,1,1,-1,1,1,-1,1,0,-1,-1,-1,-1,0,0,1,1,0,1,-1,0,-1,1,0,1,-1,0,-1,1,1,0,-1,0,-1,1,1,0,1,1,-1,-1,1,-1,-1,1,1,-1,0,-1,-1,-1,1,0,0,0,1,-1,1,0,0,0,1,1,1,-1,-1,0,0,1,-1,1,0,1,0,-1,0,-1,0,-1,-1,-1,0,1,1,-1,0,-1,0,0,1,1,0,-1,0,0,1,0,0,0,-1,0,1,1,-1,-1,0,1,1,-1,-1,-1,0,1,-1,0,1,0,1,-1,0,1,1,1,0,0,0,0,-1,1,1,1,0,0,-1,0,0,0,-1,0,-1,1,1,-1,0,1,0,1,-1,1,-1,-1,1,-1,1,0,0,-1,0,-1,0,1,0,1,0,0,1,1,1,0,-1,-1,0,1,1,-1,0,0,-1,1,-1,1,0,0,0,-1,-1,1,1,0,1,-1,0,0,-1,0,1,1,1,0,1,-1,1,1,-1,0,-1,1,1,1,0,1,1,1,1,-1,0,-1,0,-1,1,1,-1,0,-1,-1,1,-1,-1,1,-1,-1,-1,0,1,0,1,0,0,-1,-1,1,-1,0,0,-1,1,1,0,0,-1,1,1,-1,-1,1,1,0,0,0,-1,0,0,-1,-1,-1,-1,1,1,1,1,0,0,1,0,0,-1,0,0,1,1,0,1,1,0,-1,1,-1,0,0,-1,-1,0,-1,1,0,1,1,0,0,-1,1,-1,-1,1,0,1,1,1,-1,-1,-1,1,0,-1,0,1,-1,-1,1,1,0,0,0,-1,1,0,-1,1,-1,-1,-1,0,-1,1,0,1,-1,0,1,-1,1,1,0,1,1,1,-1,1,1,-1,0,0,0,1,0,-1,0,-1,1,-1,0,-1,0,-1,-1,-1,1,0,1,1,0,1,-1,1,0,0,1,0,0,0,-1,1,-1,1,1,1,0,-1,0,0,1,0,-1,-1,0,-1,1,0,0,0,0,0,1,0,-1,1,0,-1,-1,1,-1,1,0,-1,-1,-1,-1,1,0,-1,-1,0,-1,0,-1,1,1,0,1,-1,-1,-1,1,-1,0,-1,-1,-1,1,-1,-1,0,1,1,1,0,1,1,-1,0,0,-1,1,1,-1,0,1,-1,1,0,-1,-1,-1,0,-1,-1,0,0,-1,-1,1,-1,0,0,-1,1,1,-1,0,1,1,-1,1,0,0,1,0,-1,0,1,-1,-1,1,1,1,0,-1,-1,-1,0,-1,1,0,0,-1,1,1,1,1,0,0,-1,0,0,-1,0,0,-1,1,1,-1,-1,0,-1,-1,1,0,-1,-1,-1,1,1,0,-1,1,0,1,1,1,1,0,1,0,-1,1,0,-1,-1,1,-1,1,-1,0,1,-1,-1,-1,0,1,1,1,1,-1,0,0,1,-1,-1,0,1,1,1,0,1,0,0,1,-1,0,0,1,0,
pq_counter: 0
index_array of x_f_array_copy : 565,
x_f_array_copy: 0,0,0,0,0,0,0,0,0,0,0,0,0,0,0,0,0,0,0,0,0,0,0,0,0,0,0,0,0,0,0,0,0,0,0,0,0,0,0,0,0,0,0,0,0,0,0,0,0,0,0,0,0,0,0,0,0,0,0,0,0,0,0,0,0,0,0,0,0,0,0,0,0,0,0,0,0,0,0,0,0,0,0,0,0,0,0,0,0,0,0,0,0,0,0,0,0,0,0,0,0,0,0,0,0,0,0,0,0,0,0,0,0,0,0,0,0,0,0,0,0,0,0,0,0,0,0,0,0,0,0,0,0,0,0,0,0,0,0,0,0,0,0,0,0,0,0,0,0,0,0,0,0,0,0,0,0,0,0,0,0,0,0,0,0,0,0,0,0,0,0,0,0,0,0,0,0,0,0,0,0,0,0,0,0,0,0,0,0,0,0,0,0,0,0,0,0,0,0,0,0,0,0,0,0,0,0,0,0,0,0,0,0,0,0,0,0,0,0,0,0,0,0,0,0,0,0,0,0,0,0,0,0,0,0,0,0,0,0,0,0,0,0,0,0,0,0,0,0,0,0,0,0,0,0,0,0,0,0,0,0,0,0,0,0,0,0,0,0,0,0,0,0,0,0,0,0,0,0,0,0,0,0,0,0,0,0,0,0,0,0,0,0,0,0,0,0,0,0,0,0,0,0,0,0,0,0,0,0,0,0,0,0,0,0,0,0,0,0,0,0,0,0,0,0,0,0,0,0,0,0,0,0,0,0,0,0,0,0,0,0,0,0,0,0,0,0,0,0,0,0,0,0,0,0,0,0,0,0,0,0,0,0,0,0,0,0,0,0,0,0,0,0,0,0,0,0,0,0,0,0,0,0,0,0,0,0,0,0,0,0,0,0,0,0,0,0,0,0,0,0,0,0,0,0,0,0,0,0,0,0,0,0,0,0,0,0,0,0,0,0,0,0,0,0,0,0,0,0,0,0,0,0,0,0,0,0,0,0,0,0,0,0,0,0,0,0,0,0,0,0,0,0,0,0,0,0,0,0,0,0,0,0,0,0,0,0,0,0,0,0,0,0,0,0,0,0,0,0,0,0,0,0,0,0,0,0,0,0,0,0,0,0,0,0,0,0,0,0,0,0,0,0,0,0,0,0,0,0,0,0,0,0,0,0,0,0,0,0,0,0,0,0,0,0,0,0,0,0,0,0,0,0,0,0,0,0,0,0,0,0,0,0,0,0,0,0,0,0,0,0,0,0,0,0,0,0,0,0,0,0,0,0,0,0,1,0,0,0,0,0,0,0,0,0,0,0,0,0,0,0,0,0,0,0,0,0,0,0,0,0,0,0,0,0,0,0,0,0,0,0,0,0,0,0,0,0,0,0,0,0,0,0,0,0,0,0,0,0,0,0,0,0,0,0,0,0,0,0,0,0,0,0,0,0,0,0,0,0,0,0,0,0,0,0,0,0,0,0,0,0,0,0,
index_array of x_g_array_copy : 328,416,459,
x_g_array_copy: 0,0,0,0,0,0,0,0,0,0,0,0,0,0,0,0,0,0,0,0,0,0,0,0,0,0,0,0,0,0,0,0,0,0,0,0,0,0,0,0,0,0,0,0,0,0,0,0,0,0,0,0,0,0,0,0,0,0,0,0,0,0,0,0,0,0,0,0,0,0,0,0,0,0,0,0,0,0,0,0,0,0,0,0,0,0,0,0,0,0,0,0,0,0,0,0,0,0,0,0,0,0,0,0,0,0,0,0,0,0,0,0,0,0,0,0,0,0,0,0,0,0,0,0,0,0,0,0,0,0,0,0,0,0,0,0,0,0,0,0,0,0,0,0,0,0,0,0,0,0,0,0,0,0,0,0,0,0,0,0,0,0,0,0,0,0,0,0,0,0,0,0,0,0,0,0,0,0,0,0,0,0,0,0,0,0,0,0,0,0,0,0,0,0,0,0,0,0,0,0,0,0,0,0,0,0,0,0,0,0,0,0,0,0,0,0,0,0,0,0,0,0,0,0,0,0,0,0,0,0,0,0,0,0,0,0,0,0,0,0,0,0,0,0,0,0,0,0,0,0,0,0,0,0,0,0,0,0,0,0,0,0,0,0,0,0,0,0,0,0,0,0,0,0,0,0,0,0,0,0,0,0,0,0,0,0,0,0,0,0,0,0,0,0,0,0,0,0,0,0,0,0,0,0,0,0,0,0,0,0,0,0,0,0,0,0,0,0,0,0,0,0,0,0,0,0,0,0,1,0,0,0,0,0,0,0,0,0,0,0,0,0,0,0,0,0,0,0,0,0,0,0,0,0,0,0,0,0,0,0,0,0,0,0,0,0,0,0,0,0,0,0,0,0,0,0,0,0,0,0,0,0,0,0,0,0,0,0,0,0,0,0,0,0,0,0,0,0,0,0,0,0,0,0,0,0,0,0,0,0,0,0,0,0,0,0,1,0,0,0,0,0,0,0,0,0,0,0,0,0,0,0,0,0,0,0,0,0,0,0,0,0,0,0,0,0,0,0,0,0,0,0,0,0,0,0,0,0,0,1,0,0,0,0,0,0,0,0,0,0,0,0,0,0,0,0,0,0,0,0,0,0,0,0,0,0,0,0,0,0,0,0,0,0,0,0,0,0,0,0,0,0,0,0,0,0,0,0,0,0,0,0,0,0,0,0,0,0,0,0,0,0,0,0,0,0,0,0,0,0,0,0,0,0,0,0,0,0,0,0,0,0,0,0,0,0,0,0,0,0,0,0,0,0,0,0,0,0,0,0,0,0,0,0,0,0,0,0,0,0,0,0,0,0,0,0,0,0,0,0,0,0,0,0,0,0,0,0,0,0,0,0,0,0,0,0,0,0,0,0,0,0,0,0,0,0,0,0,0,0,0,0,0,0,0,0,0,0,0,0,0,0,0,0,0,0,0,0,0,0,0,0,0,0,0,0,0,0,0,0,0,0,0,0,0,0,0,0,0,0,0,0,0,
global_g: 1,-1,-1,1,1,1,-1,1,1,0,-1,-1,1,-1,1,1,1,-1,1,-1,0,1,0,-1,-1,1,0,0,0,1,-1,1,0,-1,0,1,1,0,0,1,0,0,1,1,1,1,1,1,1,1,1,1,1,0,1,0,-1,-1,-1,0,0,0,0,1,-1,0,0,-1,1,0,0,0,1,1,-1,1,1,-1,1,0,-1,-1,-1,-1,0,0,1,1,0,1,-1,0,-1,1,0,1,-1,0,-1,1,1,0,-1,0,-1,1,1,0,1,1,-1,-1,1,-1,-1,1,1,-1,0,-1,-1,-1,1,0,0,0,1,-1,1,0,0,0,1,1,1,-1,-1,0,0,1,-1,1,0,1,0,-1,0,-1,0,-1,-1,-1,0,1,1,-1,0,-1,0,0,1,1,0,-1,0,0,1,0,0,0,-1,0,1,1,-1,-1,0,1,1,-1,-1,-1,0,1,-1,0,1,0,1,-1,0,1,1,1,0,0,0,0,-1,1,1,1,0,0,-1,0,0,0,-1,0,-1,1,1,-1,0,1,0,1,-1,1,-1,-1,1,-1,1,0,0,-1,0,-1,0,1,0,1,0,0,1,1,1,0,-1,-1,0,1,1,-1,0,0,-1,1,-1,1,0,0,0,-1,-1,1,1,0,1,-1,0,0,-1,0,1,1,1,0,1,-1,1,1,-1,0,-1,1,1,1,0,1,1,1,1,-1,0,-1,0,-1,1,1,-1,0,-1,-1,1,-1,-1,1,-1,-1,-1,0,1,0,1,0,0,-1,-1,1,-1,0,0,-1,1,1,0,0,-1,1,1,-1,-1,1,1,0,0,0,-1,0,0,-1,-1,-1,-1,1,1,1,1,0,0,1,0,0,-1,0,0,1,1,0,1,1,0,-1,1,-1,0,0,-1,-1,0,-1,1,0,1,1,0,0,-1,1,-1,-1,1,0,1,1,1,-1,-1,-1,1,0,-1,0,1,-1,-1,1,1,0,0,0,-1,1,0,-1,1,-1,-1,-1,0,-1,1,0,1,-1,0,1,-1,1,1,0,1,1,1,-1,1,1,-1,0,0,0,1,0,-1,0,-1,1,-1,0,-1,0,-1,-1,-1,1,0,1,1,0,1,-1,1,0,0,1,0,0,0,-1,1,-1,1,1,1,0,-1,0,0,1,0,-1,-1,0,-1,1,0,0,0,0,0,1,0,-1,1,0,-1,-1,1,-1,1,0,-1,-1,-1,-1,1,0,-1,-1,0,-1,0,-1,1,1,0,1,-1,-1,-1,1,-1,0,-1,-1,-1,1,-1,-1,0,1,1,1,0,1,1,-1,0,0,-1,1,1,-1,0,1,-1,1,0,-1,-1,-1,0,-1,-1,0,0,-1,-1,1,-1,0,0,-1,1,1,-1,0,1,1,-1,1,0,0,1,0,-1,0,1,-1,-1,1,1,1,0,-1,-1,-1,0,-1,1,0,0,-1,1,1,1,1,0,0,-1,0,0,-1,0,0,-1,1,1,-1,-1,0,-1,-1,1,0,-1,-1,-1,1,1,0,-1,1,0,1,1,1,1,0,1,0,-1,1,0,-1,-1,1,-1,1,-1,0,1,-1,-1,-1,0,1,1,1,1,-1,0,0,1,-1,-1,0,1,1,1,0,1,0,0,1,-1,0,0,1,0,
pq_counter: 0
index_array of x_f_array_copy : 498,
x_f_array_copy: 0,0,0,0,0,0,0,0,0,0,0,0,0,0,0,0,0,0,0,0,0,0,0,0,0,0,0,0,0,0,0,0,0,0,0,0,0,0,0,0,0,0,0,0,0,0,0,0,0,0,0,0,0,0,0,0,0,0,0,0,0,0,0,0,0,0,0,0,0,0,0,0,0,0,0,0,0,0,0,0,0,0,0,0,0,0,0,0,0,0,0,0,0,0,0,0,0,0,0,0,0,0,0,0,0,0,0,0,0,0,0,0,0,0,0,0,0,0,0,0,0,0,0,0,0,0,0,0,0,0,0,0,0,0,0,0,0,0,0,0,0,0,0,0,0,0,0,0,0,0,0,0,0,0,0,0,0,0,0,0,0,0,0,0,0,0,0,0,0,0,0,0,0,0,0,0,0,0,0,0,0,0,0,0,0,0,0,0,0,0,0,0,0,0,0,0,0,0,0,0,0,0,0,0,0,0,0,0,0,0,0,0,0,0,0,0,0,0,0,0,0,0,0,0,0,0,0,0,0,0,0,0,0,0,0,0,0,0,0,0,0,0,0,0,0,0,0,0,0,0,0,0,0,0,0,0,0,0,0,0,0,0,0,0,0,0,0,0,0,0,0,0,0,0,0,0,0,0,0,0,0,0,0,0,0,0,0,0,0,0,0,0,0,0,0,0,0,0,0,0,0,0,0,0,0,0,0,0,0,0,0,0,0,0,0,0,0,0,0,0,0,0,0,0,0,0,0,0,0,0,0,0,0,0,0,0,0,0,0,0,0,0,0,0,0,0,0,0,0,0,0,0,0,0,0,0,0,0,0,0,0,0,0,0,0,0,0,0,0,0,0,0,0,0,0,0,0,0,0,0,0,0,0,0,0,0,0,0,0,0,0,0,0,0,0,0,0,0,0,0,0,0,0,0,0,0,0,0,0,0,0,0,0,0,0,0,0,0,0,0,0,0,0,0,0,0,0,0,0,0,0,0,0,0,0,0,0,0,0,0,0,0,0,0,0,0,0,0,0,0,0,0,0,0,0,0,0,0,0,0,0,0,0,0,0,0,0,0,0,0,0,0,0,0,0,0,0,0,0,0,0,0,0,0,0,0,0,0,0,0,0,0,0,0,0,0,0,0,1,0,0,0,0,0,0,0,0,0,0,0,0,0,0,0,0,0,0,0,0,0,0,0,0,0,0,0,0,0,0,0,0,0,0,0,0,0,0,0,0,0,0,0,0,0,0,0,0,0,0,0,0,0,0,0,0,0,0,0,0,0,0,0,0,0,0,0,0,0,0,0,0,0,0,0,0,0,0,0,0,0,0,0,0,0,0,0,0,0,0,0,0,0,0,0,0,0,0,0,0,0,0,0,0,0,0,0,0,0,0,0,0,0,0,0,0,0,0,0,0,0,0,0,0,0,0,0,0,0,0,0,0,0,0,0,0,0,0,0,0,0,0,0,0,0,0,0,0,0,0,0,0,0,0,
index_array of x_g_array_copy : 462,377,538,
x_g_array_copy: 0,0,0,0,0,0,0,0,0,0,0,0,0,0,0,0,0,0,0,0,0,0,0,0,0,0,0,0,0,0,0,0,0,0,0,0,0,0,0,0,0,0,0,0,0,0,0,0,0,0,0,0,0,0,0,0,0,0,0,0,0,0,0,0,0,0,0,0,0,0,0,0,0,0,0,0,0,0,0,0,0,0,0,0,0,0,0,0,0,0,0,0,0,0,0,0,0,0,0,0,0,0,0,0,0,0,0,0,0,0,0,0,0,0,0,0,0,0,0,0,0,0,0,0,0,0,0,0,0,0,0,0,0,0,0,0,0,0,0,0,0,0,0,0,0,0,0,0,0,0,0,0,0,0,0,0,0,0,0,0,0,0,0,0,0,0,0,0,0,0,0,0,0,0,0,0,0,0,0,0,0,0,0,0,0,0,0,0,0,0,0,0,0,0,0,0,0,0,0,0,0,0,0,0,0,0,0,0,0,0,0,0,0,0,0,0,0,0,0,0,0,0,0,0,0,0,0,0,0,0,0,0,0,0,0,0,0,0,0,0,0,0,0,0,0,0,0,0,0,0,0,0,0,0,0,0,0,0,0,0,0,0,0,0,0,0,0,0,0,0,0,0,0,0,0,0,0,0,0,0,0,0,0,0,0,0,0,0,0,0,0,0,0,0,0,0,0,0,0,0,0,0,0,0,0,0,0,0,0,0,0,0,0,0,0,0,0,0,0,0,0,0,0,0,0,0,0,0,0,0,0,0,0,0,0,0,0,0,0,0,0,0,0,0,0,0,0,0,0,0,0,0,0,0,0,0,0,0,0,0,0,0,0,0,0,0,0,0,0,0,0,0,0,0,0,0,0,1,0,0,0,0,0,0,0,0,0,0,0,0,0,0,0,0,0,0,0,0,0,0,0,0,0,0,0,0,0,0,0,0,0,0,0,0,0,0,0,0,0,0,0,0,0,0,0,0,0,0,0,0,0,0,0,0,0,0,0,0,0,0,0,0,0,0,0,0,0,0,0,0,0,0,0,0,0,0,0,0,0,0,0,0,1,0,0,0,0,0,0,0,0,0,0,0,0,0,0,0,0,0,0,0,0,0,0,0,0,0,0,0,0,0,0,0,0,0,0,0,0,0,0,0,0,0,0,0,0,0,0,0,0,0,0,0,0,0,0,0,0,0,0,0,0,0,0,0,0,0,0,0,0,0,0,0,0,0,0,0,1,0,0,0,0,0,0,0,0,0,0,0,0,0,0,0,0,0,0,0,0,0,0,0,0,0,0,0,0,0,0,0,0,0,0,0,0,0,0,0,0,0,0,0,0,0,0,0,0,0,0,0,0,0,0,0,0,0,0,0,0,0,0,0,0,0,0,0,0,0,0,0,0,0,0,0,0,0,0,0,0,0,0,0,0,0,0,0,0,0,0,0,0,0,0,0,0,0,0,0,0,0,0,0,0,0,0,0,0,0,0,0,0,0,0,
global_g: 1,-1,-1,1,1,1,-1,1,1,0,-1,-1,1,-1,1,1,1,-1,1,-1,0,1,0,-1,-1,1,0,0,0,1,-1,1,0,-1,0,1,1,0,0,1,0,0,1,1,1,1,1,1,1,1,1,1,1,0,1,0,-1,-1,-1,0,0,0,0,1,-1,0,0,-1,1,0,0,0,1,1,-1,1,1,-1,1,0,-1,-1,-1,-1,0,0,1,1,0,1,-1,0,-1,1,0,1,-1,0,-1,1,1,0,-1,0,-1,1,1,0,1,1,-1,-1,1,-1,-1,1,1,-1,0,-1,-1,-1,1,0,0,0,1,-1,1,0,0,0,1,1,1,-1,-1,0,0,1,-1,1,0,1,0,-1,0,-1,0,-1,-1,-1,0,1,1,-1,0,-1,0,0,1,1,0,-1,0,0,1,0,0,0,-1,0,1,1,-1,-1,0,1,1,-1,-1,-1,0,1,-1,0,1,0,1,-1,0,1,1,1,0,0,0,0,-1,1,1,1,0,0,-1,0,0,0,-1,0,-1,1,1,-1,0,1,0,1,-1,1,-1,-1,1,-1,1,0,0,-1,0,-1,0,1,0,1,0,0,1,1,1,0,-1,-1,0,1,1,-1,0,0,-1,1,-1,1,0,0,0,-1,-1,1,1,0,1,-1,0,0,-1,0,1,1,1,0,1,-1,1,1,-1,0,-1,1,1,1,0,1,1,1,1,-1,0,-1,0,-1,1,1,-1,0,-1,-1,1,-1,-1,1,-1,-1,-1,0,1,0,1,0,0,-1,-1,1,-1,0,0,-1,1,1,0,0,-1,1,1,-1,-1,1,1,0,0,0,-1,0,0,-1,-1,-1,-1,1,1,1,1,0,0,1,0,0,-1,0,0,1,1,0,1,1,0,-1,1,-1,0,0,-1,-1,0,-1,1,0,1,1,0,0,-1,1,-1,-1,1,0,1,1,1,-1,-1,-1,1,0,-1,0,1,-1,-1,1,1,0,0,0,-1,1,0,-1,1,-1,-1,-1,0,-1,1,0,1,-1,0,1,-1,1,1,0,1,1,1,-1,1,1,-1,0,0,0,1,0,-1,0,-1,1,-1,0,-1,0,-1,-1,-1,1,0,1,1,0,1,-1,1,0,0,1,0,0,0,-1,1,-1,1,1,1,0,-1,0,0,1,0,-1,-1,0,-1,1,0,0,0,0,0,1,0,-1,1,0,-1,-1,1,-1,1,0,-1,-1,-1,-1,1,0,-1,-1,0,-1,0,-1,1,1,0,1,-1,-1,-1,1,-1,0,-1,-1,-1,1,-1,-1,0,1,1,1,0,1,1,-1,0,0,-1,1,1,-1,0,1,-1,1,0,-1,-1,-1,0,-1,-1,0,0,-1,-1,1,-1,0,0,-1,1,1,-1,0,1,1,-1,1,0,0,1,0,-1,0,1,-1,-1,1,1,1,0,-1,-1,-1,0,-1,1,0,0,-1,1,1,1,1,0,0,-1,0,0,-1,0,0,-1,1,1,-1,-1,0,-1,-1,1,0,-1,-1,-1,1,1,0,-1,1,0,1,1,1,1,0,1,0,-1,1,0,-1,-1,1,-1,1,-1,0,1,-1,-1,-1,0,1,1,1,1,-1,0,0,1,-1,-1,0,1,1,1,0,1,0,0,1,-1,0,0,1,0,
